CheckPointVersion_1.0
3
0
0
0
(0 (0,0,0)(16,16,16) 1)
(RealBox 0 1024 0 1024 0 1024 )((0,0,0) (63,63,63) (0,0,0))P(1,1,0) 

0.02 
0.02 
1 
0 
0 
0
(0 (0,0,0)(16,16,16) 1)
(RealBox 0 1024 0 1024 0 1024 )((0,0,0) (63,63,63) (0,0,0))P(1,1,0)
(4 0
((0,0,0) (31,31,63) (0,0,0))
((32,0,0) (63,31,63) (0,0,0))
((0,32,0) (31,63,63) (0,0,0))
((32,32,0) (63,63,63) (0,0,0))
)4
((0,0,0) (63,63,63) (0,0,0))
(4 0
((0,0,0) (31,31,63) (0,0,0))
((32,0,0) (63,31,63) (0,0,0))
((0,32,0) (31,63,63) (0,0,0))
((32,32,0) (63,63,63) (0,0,0))
)-0.02
-0.02
0
0
1
Level_0/SD_0_New_MF
((0,0,0) (64,63,63) (1,0,0))
(4 0
((0,0,0) (32,31,63) (1,0,0))
((32,0,0) (64,31,63) (1,0,0))
((0,32,0) (32,63,63) (1,0,0))
((32,32,0) (64,63,63) (1,0,0))
)-0.02
-0.02
0
0
1
Level_0/SD_1_New_MF
((0,0,0) (63,64,63) (0,1,0))
(4 0
((0,0,0) (31,32,63) (0,1,0))
((32,0,0) (63,32,63) (0,1,0))
((0,32,0) (31,64,63) (0,1,0))
((32,32,0) (63,64,63) (0,1,0))
)-0.02
-0.02
0
0
1
Level_0/SD_2_New_MF
((0,0,0) (63,63,64) (0,0,1))
(4 0
((0,0,0) (31,31,64) (0,0,1))
((32,0,0) (63,31,64) (0,0,1))
((0,32,0) (31,63,64) (0,0,1))
((32,32,0) (63,63,64) (0,0,1))
)-0.02
-0.02
0
0
1
Level_0/SD_3_New_MF
