35.7828828829 -99.0168 1
35.8219219219 -99.0168 1
35.860960961 -99.0168 1
35.9 -99.0168 1
35.939039039 -99.0168 1
35.9780780781 -99.0168 1
36.0171171171 -99.0168 1
35.7828828829 -98.9705333333 1
35.8219219219 -98.9705333333 1
35.860960961 -98.9705333333 1
35.9 -98.9705333333 1
35.939039039 -98.9705333333 1
35.9780780781 -98.9705333333 1
36.0171171171 -98.9705333333 1
35.7828828829 -98.9242666667 1
35.8219219219 -98.9242666667 1
35.860960961 -98.9242666667 1
35.9 -98.9242666667 1
35.939039039 -98.9242666667 1
35.9780780781 -98.9242666667 1
36.0171171171 -98.9242666667 1
35.7828828829 -98.878 1
35.8219219219 -98.878 1
35.860960961 -98.878 1
35.9 -98.878 1
35.939039039 -98.878 1
35.9780780781 -98.878 1
36.0171171171 -98.878 1
35.7828828829 -98.8317333333 1
35.8219219219 -98.8317333333 1
35.860960961 -98.8317333333 1
35.9 -98.8317333333 1
35.939039039 -98.8317333333 1
35.9780780781 -98.8317333333 1
36.0171171171 -98.8317333333 1
35.7828828829 -98.7854666667 1
35.8219219219 -98.7854666667 1
35.860960961 -98.7854666667 1
35.9 -98.7854666667 1
35.939039039 -98.7854666667 1
35.9780780781 -98.7854666667 1
36.0171171171 -98.7854666667 1
35.7828828829 -98.7392 1
35.8219219219 -98.7392 1
35.860960961 -98.7392 1
35.9 -98.7392 1
35.939039039 -98.7392 1
35.9780780781 -98.7392 1
36.0171171171 -98.7392 1
35.463963964 -98.2228 1
35.487987988 -98.2228 1
35.512012012 -98.2228 1
35.536036036 -98.2228 1
35.463963964 -98.1929333333 1
35.487987988 -98.1929333333 1
35.512012012 -98.1929333333 1
35.536036036 -98.1929333333 1
35.463963964 -98.1630666667 1
35.487987988 -98.1630666667 1
35.512012012 -98.1630666667 1
35.536036036 -98.1630666667 1
35.463963964 -98.1332 1
35.487987988 -98.1332 1
35.512012012 -98.1332 1
35.536036036 -98.1332 1
36.363963964 -99.4228 1
36.387987988 -99.4228 1
36.412012012 -99.4228 1
36.436036036 -99.4228 1
36.363963964 -99.3929333333 1
36.387987988 -99.3929333333 1
36.412012012 -99.3929333333 1
36.436036036 -99.3929333333 1
36.363963964 -99.3630666667 1
36.387987988 -99.3630666667 1
36.412012012 -99.3630666667 1
36.436036036 -99.3630666667 1
36.363963964 -99.3332 1
36.387987988 -99.3332 1
36.412012012 -99.3332 1
36.436036036 -99.3332 1
35.263963964 -99.5228 1
35.287987988 -99.5228 1
35.312012012 -99.5228 1
35.336036036 -99.5228 1
35.263963964 -99.4929333333 1
35.287987988 -99.4929333333 1
35.312012012 -99.4929333333 1
35.336036036 -99.4929333333 1
35.263963964 -99.4630666667 1
35.287987988 -99.4630666667 1
35.312012012 -99.4630666667 1
35.336036036 -99.4630666667 1
35.263963964 -99.4332 1
35.287987988 -99.4332 1
35.312012012 -99.4332 1
35.336036036 -99.4332 1
