89264.99080053 91233.3333309002
89259.1966417755 95566.6666710007
89254.1277665419 99900.0000000001
89249.7842982733 104233.333329
89246.1663427532 108566.6666691
89243.2739881117 112899.9999981
93458.6633652711 86900.0000019001
93450.4377452458 91233.3333309002
93442.9032518779 95566.6666710007
93436.0600522829 99900.0000000001
93429.9082982192 104233.333329
93424.4481261366 108566.6666691
93419.6796571948 112899.9999981
97646.3846285663 86900.0000019001
97636.5111258549 91233.3333309002
97627.2975408011 95566.6666710007
97618.7440601867 99900.0000000001
97610.850857392 104233.333329
97603.6180924568 108566.6666691
97597.045912112 112899.9999981
101834.602975817 86900.0000019001
101823.132838651 91233.3333309002
101812.293876018 95566.6666710007
101802.086289453 99900.0000000001
101792.510268736 104233.333329
101783.565991962 108566.6666691
101775.253625592 112899.9999981
106023.258628483 86900.0000019001
106010.237048028 91233.3333309002
105997.820076828 95566.6666710007
105986.007927316 99900.0000000001
105974.800801568 104233.333329
105964.198891379 108566.6666691
105954.202378331 112899.9999981
110212.300853635 86900.0000019001
110197.767881144 91233.3333309002
110183.814885453 95566.6666710007
110170.442086857 99900.0000000001
110157.64969648 104233.333329
110145.437916369 108566.6666691
110133.806939566 112899.9999981
114401.686336999 86900.0000019001
114385.677633874 91233.3333309002
114370.225998194 95566.6666710007
114355.331655708 99900.0000000001
114340.994824013 104233.333329
114327.215712655 108566.6666691
114313.994523223 112899.9999981
161442.612044564 51500.0000039998
161421.662101279 54166.666668
161400.854802928 56833.3333320002
161380.190204659 59499.9999960004
164154.692973227 51500.0000039998
164133.28852851 54166.666668
164112.023937775 56833.3333320002
164090.899255367 59499.9999960004
166866.785694878 51500.0000039998
166844.928396839 54166.666668
166823.208245294 56833.3333320002
166801.625293788 59499.9999960004
169578.889421966 51500.0000039998
169556.58083956 54166.666668
169534.406775621 56833.3333320002
169512.367282909 59499.9999960004
52896.6844501924 151400.000004
52915.9012759738 154066.666668
52935.5802920911 156733.333332
52955.7209832526 159399.999996
55556.8294903758 151400.000004
55574.333630956 154066.666668
55592.2786959773 156733.333332
55610.6642585664 159399.999996
58220.3999614163 151400.000004
58236.3087392296 154066.666668
58252.6389095071 156733.333332
58269.390117932 159399.999996
60886.9461031228 151400.000004
60901.3618319475 154066.666668
60916.1809602466 156733.333332
60931.4031936588 159399.999996
43430.4219718844 29300.0000039997
43430.6186514159 31966.666668
43431.3883478816 34633.3333320001
43432.7310308126 37299.9999960003
46144.3886884569 29300.0000039997
46143.7943466196 31966.666668
46143.7390225352 34633.3333320001
46144.2227181378 37299.9999960003
48858.5817150023 29300.0000039997
48857.2395489498 31966.666668
48856.4061323542 34633.3333320001
48856.0814912463 37299.9999960003
51572.9651124459 29300.0000039997
51570.9115091189 31966.666668
51569.3395333094 34633.3333320001
51568.2492290571 37299.9999960003
