35.863963964 -98.9228 1
35.881981982 -98.9228 1
35.9 -98.9228 1
35.918018018 -98.9228 1
35.936036036 -98.9228 1
35.863963964 -98.9004 1
35.881981982 -98.9004 1
35.9 -98.9004 1
35.918018018 -98.9004 1
35.936036036 -98.9004 1
35.863963964 -98.878 1
35.881981982 -98.878 1
35.9 -98.878 1
35.918018018 -98.878 1
35.936036036 -98.878 1
35.863963964 -98.8556 1
35.881981982 -98.8556 1
35.9 -98.8556 1
35.918018018 -98.8556 1
35.936036036 -98.8556 1
35.863963964 -98.8332 1
35.881981982 -98.8332 1
35.9 -98.8332 1
35.918018018 -98.8332 1
35.936036036 -98.8332 1
