117.1875 25.8524186420973 18.5344089260128 98688.9132740166 1.14046279936034 300.13200595087 0.014
351.5625 23.9687465886275 18.1586211111976 96093.131508309 1.11750570903635 300.521188804485 0.014
585.9375 22.1575780215664 17.7761222141367 93550.0695913685 1.09460387552623 300.986974688737 0.014
820.3125 20.3920202262435 17.3883262669817 91059.470392137 1.07187045340093 301.503024499829 0.014
1054.6875 18.6601026925059 16.9959824605274 88620.8875196123 1.04935691787443 302.057769124275 0.014
1289.0625 16.954468343265 16.1482361075526 86233.4962387842 1.02734090031106 302.644443948859 0.0135858104796932
1523.4375 15.2695319453788 14.3124380993885 83895.8949506472 1.00604656065762 303.258537326245 0.0123755740503723
1757.8125 13.6013326734353 12.487218127819 81607.042062885 0.984936583301319 303.896795217867 0.0112665265144901
1992.1875 11.947315415134 10.6707850823206 79366.4898225022 0.96403172637585 304.556744326322 0.0102494201296838
2226.5625 10.3054574166412 8.86171033282602 77173.7473027861 0.943348786866823 305.236432515899 0.00931626057789443
2460.9375 8.67411107977398 7.05881984637835 75028.2884203631 0.922901549185838 305.934274455167 0.00846002404395678
2695.3125 7.05190400284516 5.26112553915565 72929.5581326167 0.90270141942805 306.64895363953 0.0076744633911677
2929.6875 5.43767215275147 3.46777931466628 70876.9773924005 0.882757872095392 307.379356989497 0.00695396910816032
3164.0625 3.83041336863698 1.67804100724641 68869.9472121492 0.863078778072227 308.124529407343 0.00629346590743748
3398.4375 2.2292539418757 -0.108744745177705 66907.8520645866 0.843670653718571 308.883641150396 0.005688333605853
3632.8125 0.633423936456381 -1.89316567299262 64990.0627733842 0.824538855448365 309.655963758667 0.00513434516039748
3867.1875 -0.957761457080778 -3.67575494894435 63115.9390012195 0.805687735357458 310.440851879407 0.00462761719447985
4101.5625 -2.54491628711094 -5.45700136861743 61284.8314129291 0.78712076821827 311.237729269823 0.00416456984857576
4335.9375 -4.12859509707664 -7.23735744378415 59496.0835714753 0.768840656899547 312.04607783091 0.00374189373915584
4570.3125 -5.70930187637015 -9.0172459643089 57749.0336106273 0.750849421174216 312.865428885919 0.00335652243327213
4804.6875 -7.28749727106015 -10.7970654215885 56043.0157184414 0.733148473489635 313.695356151352 0.00300560926777139
5039.0625 -8.86360445998082 -12.5771945783101 54377.3614584957 0.715738684329262 314.535470004715 0.00268650763475086
5273.4375 -10.4380139925963 -14.3579963958816 52751.4009505429 0.698620439136345 315.385412760097 0.00239675406276668
5507.8125 -12.0110878088989 -16.1398214802549 51164.4639282576 0.681793688301765 316.244854737101 0.00213405357406942
5742.1875 -13.5831626074663 -17.9230111715957 49615.8806886874 0.665257991378745 317.113490961553 0.00189626690951459
5976.5625 -15.1545526886591 -19.7079003786002 48104.9829456321 0.649012556436922 317.991038374623 0.00168139929646492
6210.9375 -16.725552371223 -21.4948202411847 46631.1045972937 0.63305627528114 318.877233455008 0.00148759049882406
6445.3125 -18.2964380591814 -23.2841006937659 45193.5824170337 0.617387755118303 319.771830179667 0.00131310593771616
6679.6875 -19.8674700198059 -25.0760729941489 43791.7566748597 0.602005347146558 320.674598264261 0.00115632871002165
6914.0625 -21.4388939211714 -26.8710722793035 42424.9716962694 0.586907172456314 321.585321636413 0.00101575236267593
7148.4375 -23.0109421683502 -28.6694402086025 41092.5763642617 0.572091145566039 322.503797104083 0.000889974305261156
7382.8125 -24.5838350699375 -30.471527757205 39793.9245696423 0.557554995863006 323.429833188518 0.000777689763383499
7617.1875 -26.1577818608257 -32.2776982272216 38528.3756141788 0.543296287176894 324.363249096819 0.000677686191667603
7851.5625 -27.7329816025653 -34.0883305523665 37295.2945706756 0.529312435680117 325.303873813623 0.000588838078695887
8085.9375 -29.3096239790005 -35.9038229834384 36094.0526036242 0.515600726281011 326.251545294934 0.000510102087458983
8320.3125 -30.8878900019257 -37.7245972579758 34924.0272537301 0.502158327653336 327.206109749966 0.000440512484311132
8554.6875 -32.4679526391302 -39.5511033788905 33784.602689308 0.488982306026843 328.167420999177 0.000379176817384409
8789.0625 -34.049977375255 -41.3838251554087 32675.1699272673 0.476069637848121 329.135339898531 0.000325271812172336
9023.4375 -35.6341227142929 -43.2232866974731 31595.1270261772 0.463417221407975 330.109733821558 0.000278039457753501
9257.8125 -37.220540631248 -45.0700601050495 30543.8792536862 0.451021887520722 331.090476192075 0.000236783262050495
9492.1875 -38.8093769793723 -46.9247746610308 29520.8392303907 0.438880409331567 332.077446061418 0.000200864658736592
9726.5625 -40.4007718584925 -48.7881279270668 28525.4270520787 0.426989511320435 333.070527724981 0.000169699552012788
9960.9375 -41.9948599491647 -50.6608992649898 27557.0703921229 0.415345877563973 334.069610373511 0.000142754988562707
10195.3125 -43.5917708167546 -52.54396647623 26615.2045856678 0.403946159311683 335.074587775295 0.000119545948617205
10429.6875 -45.1916291889886 -54.438326488113 25699.2726971263 0.392786981927246 336.085357985824 9.96322502780064e-05
10664.0625 -46.7945552100549 -56.3451213500685 24808.7255723934 0.381864951241762 337.101823082009 8.26155631042758e-05
10898.4375 -48.400664673935 -58.2656712822049 23943.0218770783 0.371176659361909 338.123888918377 6.8136528494726e-05
11132.8125 -50.0100692393015 -60.2015172183334 23101.6281219643 0.360718689972718 339.151464902982 5.58719856323832e-05
11367.1875 -51.6228766280228 -62.1544763258846 22284.0186768143 0.350487623171731 340.184463791066 4.55323027271701e-05
11601.5625 -53.2391908090584 -64.126715564751 21489.6757735611 0.340480039868718 341.22280149472 3.68588140178041e-05
11835.9375 -54.8591121693076 -66.1208508018794 20718.0894998453 0.330692525782797 342.26639690701 2.96213635018653e-05
12070.3125 -55.9800520425159 -67.5176417059794 19969.5972594437 0.320391448198956 344.107557688745 2.56261681618783e-05
12304.6875 -55.9352280534481 -67.4769054026636 19246.3603175022 0.308723934529588 347.825310699946 2.67302984621024e-05
12539.0625 -55.889918138323 -67.43572879751 18549.4592194523 0.2974829329552 351.583230476286 2.78833321409614e-05
12773.4375 -55.8441169765151 -67.3941070982838 17877.931293744 0.286652809421024 355.381750981242 2.90875052078347e-05
13007.8125 -55.797819186707 -67.3520354587121 17230.8491548326 0.276218504073087 359.22131086685 3.03451596310741e-05
13242.1875 -55.7510193260811 -67.3095089777772 16607.3194072438 0.266165510139405 363.102353524364 3.16587485597625e-05
13476.5625 -55.7037118894964 -67.2665226989956 16006.4813973017 0.256479853588699 367.025327135453 3.30308418138278e-05
13710.9375 -55.6558913086477 -67.2230716096831 15427.506010765 0.247148073537998 370.990684723964 3.44641316569296e-05
13945.3125 -55.6075519512077 -67.1791506402047 14869.5945146814 0.238157203381531 374.99888420823 3.59614388673382e-05
14179.6875 -55.558688119951 -67.1347546632079 14331.9774418315 0.229494752614329 379.050388453955 3.75257191228949e-05
14414.0625 -55.5092940518602 -67.0898784928417 13813.9135161958 0.221148689324961 383.145665327665 3.91600697170392e-05
14648.4375 -55.4593639172112 -67.0445168839567 13314.6886179335 0.213107423332724 387.285187750736 4.08677366238637e-05
14882.8125 -55.4088918186403 -66.9986645312895 12833.6147864186 0.205359789945579 391.469433754005 4.26521219311676e-05
15117.1875 -55.3578717901893 -66.9523160686288 12370.0292599336 0.197895034315932 395.698886532977 4.45167916615658e-05
15351.5625 -55.3062977963291 -66.9054660679616 11923.2935506698 0.190702796372265 399.974034503623 4.64654840028644e-05
15585.9375 -55.2541637309621 -66.8581090386012 11492.792553736 0.183773096305382 404.295371358779 4.85021179701084e-05
15820.3125 -55.2014634164004 -66.8102394262953 11077.9336889237 0.177096320588853 408.663396125161 5.06308025230175e-05
16054.6875 -55.1481906023194 -66.7618516123109 10678.1460740215 0.170663208513975 413.078613220992 5.28558461638812e-05
16289.0625 -55.0943389646881 -66.7129399125005 10292.8797285207 0.164464839220293 417.54153251425 5.51817670424284e-05
16523.4375 -55.0399021046718 -66.6634985763429 9921.60480659061 0.158492619203435 422.052669381551 5.76133035957359e-05
16757.8125 -54.9848735475082 -66.6135217859622 9563.81085824779 0.152738270282675 426.612544767659 6.01554257528629e-05
16992.1875 -54.9292467413555 -66.563003655121 9219.00611768172 0.14719381801129 431.22168524565 6.28133467356302e-05
17226.5625 -54.8730150561109 -66.5119382281886 8886.71681773712 0.141851580513406 435.88062307772 6.55925354888014e-05
17460.9375 -54.8161717821988 -66.4603194790827 8566.48652959059 0.136704157731622 440.589896276646 6.8498729774869e-05
17695.3125 -54.7587101293266 -66.4081413101825 8257.8755266945 0.131744421070286 445.350048667919 7.15379499707293e-05
17929.6875 -54.7006232252081 -66.3553975512135 7960.4601720951 0.126965503419848 450.161629952545 7.47165136057133e-05
18164.0625 -54.6419041142512 -66.3020819581016 7673.83232826497 0.122360789548254 455.025195770524 7.80410506827927e-05
18398.4375 -54.582545756211 -66.2481882117961 7397.59878862125 0.117923906845876 459.941307765014 8.1518519827249e-05
18632.8125 -54.5225410248034 -66.1937099170591 7131.38072993188 0.113648716410937 464.91053364719 8.51562253097411e-05
18867.1875 -54.461882706281 -66.1386406012209 6874.81318484135 0.109529304462917 469.933447261802 8.89618349935017e-05
19101.5625 -54.4005634979667 -66.0829737128993 6627.54453377581 0.105559974071839 475.010628653447 9.29433992583825e-05
19335.9375 -54.3385760067453 -66.0267026206813 6389.2360155145 0.101735237191823 480.142664133546 9.71093709576249e-05
19570.3125 -54.2759127475091 -65.9698206117653 6159.56125574095 0.0980498069876879 485.330146348055 0.000101468626466625
19804.6875 -54.2125661415581 -65.9123208905625 5938.20581291246 0.094498590443821 490.573674345903 0.000106030487886512
20039.0625 -54.1485285149496 -65.8541965772546 5724.86674081091 0.0910766812449183 495.87385364817 0.000110804746469232
20273.4375 -54.0837920967974 -65.7954407063075 5519.25216716123 0.0877793529185858 501.231296318011 0.00011580168733482
20507.8125 -54.0183490175169 -65.7360462249368 5321.08088772656 0.0846020522301588 506.646621031338 0.000121032115555944
20742.1875 -53.952191307014 -65.6760059915241 5130.08197531095 0.081540392820456 512.120453148265 0.00012650738368933
20976.5625 -53.8853108928153 -65.6153127739822 4945.99440312121 0.078590149077522 517.653424785325 0.000132239420838673
21210.9375 -53.8176995981356 -65.5539592480649 4768.56668195986 0.0757472502337446 523.246174888462 0.000138240763338777
21445.3125 -53.7493491398818 -65.4919379956204 4597.55651074061 0.0730077746800498 528.899349306824 0.000144524587156305
21679.6875 -53.6802511265884 -65.4292415027854 4432.73043983629 0.0703679444891829 534.613600867338 0.000151104742108418
21914.0625 -53.6103970562812 -65.3658621581157 4273.86354678754 0.0678241201403788 540.389589450104 0.00015799578800694
22148.4375 -53.5397783142676 -65.3017922506513 4120.73912391754 0.065372795438008 546.227982064593 0.000165213032842418
22382.8125 -53.4683861708467 -65.2370239679129 3973.14837741518 0.0630105926170573 552.129452926677 0.000172772573129684
22617.1875 -53.3962117789386 -65.1715493938246 3830.89013746484 0.0607342576285698 558.094683536484 0.000180691336544172
22851.5625 -53.3232461716264 -65.1053605065621 3693.77057901678 0.0585406555984177 564.124362757101 0.0001889871269865
23085.9375 -53.2494802596072 -65.038449176319 3561.60295280686 0.0564267664530299 570.21918689412 0.000197678672221573
23320.3125 -53.1749048285479 -64.9708071629898 3434.20732624873 0.0543896807059286 576.37985977605 0.000206785674247827
23554.6875 -53.0995105363397 -64.9024261137641 3311.41033383574 0.0524265953991564 582.607092835593 0.000216328862562262
23789.0625 -53.0232879102487 -64.8332975606275 3193.04493670279 0.0505348101938933 588.901605191802 0.000226330050497586
24023.4375 -52.9462273439528 -64.7634129177642 3078.95019101159 0.0487117236047738 595.264123733122 0.000236812194819276
24257.8125 -52.868319094464 -64.6927634788566 2968.97102483485 0.0469548293726139 601.695383201333 0.000247799458782541
24492.1875 -52.7895532789259 -64.6213404142757 2862.95802322717 0.0452617129704564 608.196126276397 0.000259317278862349
24726.5625 -52.7099198712818 -64.5491347681573 2760.76722118164 0.0436300482380275 614.767103662224 0.000271392435383619
24960.9375 -52.629408698807 -64.4761374553572 2662.25990418235 0.0420575941398795 621.40907417336 0.000284053127293738
25195.3125 -52.548009438496 -64.402339258279 2567.30241607375 0.0405421916426679 628.122804822616 0.000297329051335681
25429.6875 -52.4657116132981 -64.327730823568 2475.76597397781 0.039081760707181 634.909070909645 0.000311251485897154
25664.0625 -52.3825045881943 -64.252302658664 2387.52649000021 0.0376742973908969 641.768656110468 0.00032585337982975
25898.4375 -52.298377566103 -64.1760451282032 2302.46439947593 0.0363178710570042 648.702352567979 0.000341169446551929
26132.8125 -52.21331958361 -64.0989484502646 2220.46449551399 0.0350106216859673 655.710960983416 0.000357236263770815
26367.1875 -52.1273195065094 -64.0210026924489 2141.41576961005 0.0337507572858646 662.795290708829 0.000374092379180754
26601.5625 -52.0403660251462 -63.9421977677819 2065.21125810371 0.0325365513978648 669.956159840542 0.000391778422521065
26835.9375 -51.9524476495497 -63.862523430433 1991.74789426605 0.0313663406933434 677.194395313628 0.000410337224401696
27070.3125 -51.8635527043456 -63.7819692712374 1920.9263658103 0.0302385226592652 684.510832997403 0.000429813942333955
27304.6875 -51.7736693234342 -63.7005247130114 1852.65097762671 0.029151553368589 691.90631779195 0.00045025619443387
27539.0625 -51.682785444422 -63.618179005649 1786.82951954957 0.028103945332564 699.38170372569 0.000471714201298543
27773.4375 -51.5908888027918 -63.5349212209871 1723.37313897151 0.0270942654319085 706.937854054004 0.000494240936591175
28007.8125 -51.4979669257964 -63.4507402474259 1662.19621812723 0.0261211329239669 714.575641358921 0.000517892286908449
28242.1875 -51.4040071260608 -63.3656247842905 1603.21625587506 0.0251832175230524 722.295947649886 0.000542727221545002
28476.5625 -51.3089964948748 -63.2795633359189 1546.35375381109 0.0242792375512825 730.099664465611 0.00056880797281378
28710.9375 -51.2129218951589 -63.1925442054594 1491.53210655702 0.023407958157315 737.987692977031 0.000596200227628925
28945.3125 -51.1157699540827 -63.1045554883615 1438.67749606827 0.0225681896004876 745.960944091371 0.000624973331109256
29179.6875 -51.0175270553185 -63.015585065541 1387.71878981475 0.021758785597955 754.020338557338 0.000655200503015938
29414.0625 -50.918179330904 -62.9256205962014 1338.58744269227 0.0209786417325081 762.166807071447 0.000686959067898245
29648.4375 -50.8177126526948 -62.8346495102895 1291.21740252746 0.0202266939188426 770.4012903855 0.000720330699886176
29882.8125 -50.7161126233798 -62.7426590005638 1245.54501904435 0.0195019169261277 778.72473941522 0.000755401683139197
