123.456790123457 25.7886747649999 18.5194871929882 98605.0771383218 1.12400094293408 300.140891769769 0.014
 370.37037037037 23.7834509804468 18.1189503257566 95844.3809556833 1.09990970557827 300.556271990498 0.014
 617.283950617284 21.8548385197439 17.7109196032887 93142.8560641556 1.07589506352603 301.053411681045 0.014
 864.197530864197 19.974212963956 17.2969599614163 90500.3143354606 1.05207789774887 301.604198753102 0.014
 1111.11111111111 18.1288219874091 16.8779042241575 87916.2707415363 1.02851315670435 302.196285332482 0.014
 1358.02469135802 16.3111130721937 15.4632053217387 85390.1052935829 1.00662621965007 302.822451454312 0.0131200410284999
 1604.93827160494 14.514723111797 13.5061428686396 82919.8426609652 0.985548180724334 303.477881775244 0.011871024598175
 1851.85185185185 12.7353919690358 11.5596639634031 80504.2872483247 0.96452590321816 304.15910321509 0.0107325795704191
 2098.76543209877 10.9704085925761 9.62187420248019 78142.9166880977 0.943598884616651 304.863475989463 0.00969429222863527
 2345.67901234568 9.21762691174769 7.69126217997751 75835.153166617 0.922800195177847 305.588916557026 0.00874715036637246
 2592.59259259259 7.47529881125462 5.76658516624599 73580.3741592946 0.902157886329573 306.333732871707 0.00788323096471894
 2839.50617283951 5.74196793759921 3.84679635610913 71377.920630867 0.881695951937728 307.096519810013 0.00709548555043997
 3086.41975308642 4.0163987135906 1.93099614838734 69227.1035331363 0.861435019449353 307.876089366872 0.0063775858188097
 3333.33333333333 2.29752695881638 0.0183981507703362 67127.2090980643 0.841392867810053 308.671422153324 0.0057238086089975
 3580.24691358025 0.584424405877542 -1.89169536400146 65077.5032422645 0.821584828820171 309.481632573586 0.0051289477548813
 3827.16049382716 -1.1237274954475 -3.79991170328087 63077.2352934047 0.802024106877637 310.305943132277 0.00458824496513679
 4074.07407407407 -2.82765736271858 -5.70682167081446 61125.6411844197 0.782722039630491 311.143665035519 0.00409733458075077
 4320.98765432099 -4.52801911692677 -7.61295043221849 59221.9462200986 0.763688314601056 311.994183251441 0.00365219870276498
 4567.9012345679 -6.22540391490787 -9.51878618647467 57365.3674931663 0.744931152177049 312.856944805837 0.00324913022845996
 4814.81481481481 -7.92034963255963 -11.4247872350792 55555.1160081732 0.726457462342344 313.731449473558 0.00288470202208224
 5061.72839506173 -9.61334849943267 -13.3313878686631 53790.3985582584 0.708272980502399 314.617242276353 0.00255574091264126
 5308.64197530864 -11.3048533156737 -15.2390033769763 52070.4193902979 0.690382386376472 315.513907364768 0.00225930553596447
 5555.55555555556 -12.9952825663508 -17.1480344111944 50394.3816869088 0.672789408958604 316.421062975703 0.00199266726950213
 5802.46913580247 -14.6850246672751 -19.0588708749383 48761.4888884899 0.655496919854638 317.338357236729 0.00175329367661475
 6049.38271604938 -16.3744415189059 -20.9718954843605 47170.9458744442 0.638507016795877 318.265464644708 0.00153883400176437
 6296.2962962963 -18.0638715033366 -22.8874871131881 45621.960019593 0.621821098754164 319.202083087052 0.00134710635202476
 6543.20987654321 -19.7536320288404 -24.8060240226046 44113.7421393315 0.605439933800508 320.147931303845 0.00117608627229507
 6790.12345679012 -21.4440217037447 -26.7278870662833 42645.5073351072 0.589363720633657 321.102746711306 0.00102389647750495
 7037.03703703704 -23.1353222042888 -28.6534629565859 41216.4757502237 0.573592144538566 322.066283523787 0.000888797549103666
 7283.95061728395 -24.8277998880796 -30.5831476782413 39825.8732446779 0.558124428404784 323.038311124264 0.000769179438193047
 7530.86419753086 -26.5217071947022 -32.5173501405471 38472.9319966766 0.542959379332335 324.018612643075 0.000663553645928851
 7777.77777777778 -28.2172838672276 -34.4564961684684 37156.8910375904 0.528095431271188 325.006983712308 0.000570545974835283
 8024.69135802469 -29.9147580222124 -36.4010329475305 35876.9967263609 0.513530684075055 326.003231369211 0.000488889763604191
 8271.6049382716 -31.6143470909179 -38.3514340581344 34632.5031687452 0.499262939297391 327.007173086731 0.000417419533641867
 8518.51851851852 -33.3162586505927 -40.3082052634517 33422.6725862413 0.485289733014455 328.018635913081 0.000355064988729466
 8765.43209876543 -35.0206911615295 -42.2718912536627 32246.7756390752 0.471608365925031 329.037455705235 0.000300845320168524
 9012.34567901235 -36.7278346230725 -44.2430836013378 31104.0917072232 0.458215930947329 330.063476443755 0.000253863779066946
 9259.25925925926 -38.4378711596815 -46.2224302529686 29993.9091330921 0.445109338509413 331.096549618293 0.000213302485273048
 9506.17283950617 -40.1509755464572 -48.2106469769488 28915.5254291657 0.432285339709408 332.136533674794 0.000178417449111136
 9753.08641975309 -41.8673156821239 -50.2085313187125 27868.2474536476 0.419740547504749 333.18329351675 0.000148533787688381
 10000 -43.5870530162995 -52.2169797941041 26851.3915568868 0.407471456075489 334.23670005399 0.000123041122269156
 10246.9135802469 -45.3103429369002 -54.2370093045976 25864.2837011433 0.395474458494442 335.29662979339 0.000101389147161566
 10493.8271604938 -47.0373351227078 -56.269784116548 24906.2595560529 0.383745862826552 336.362964466711 8.30833638224961e-05
 10740.7407407407 -48.7681738654306 -58.3166502637444 23976.6645719667 0.372281906770836 337.435590691381 6.76809765374221e-05
 10987.6543209877 -50.5029983649966 -60.3791799912526 23074.8540331678 0.361078770950379 338.514399660621 5.47869481329307e-05
 11234.5679012346 -52.2419430013194 -62.4592299934168 22200.1930928208 0.350132590948961 339.599286859771 4.40502157884548e-05
 11481.4814814815 -53.9851375853395 -64.5590189332047 21352.0567913586 0.339439468186719 340.690151806069 3.51600681780946e-05
 11728.3950617284 -55.7327075917766 -66.6812324447084 20529.8300598859 0.328995479721731 341.786897809483 2.78426859382712e-05
 11975.3086419753 -57.4847743757095 -68.8291681857986 19732.9077100523 0.318796687059347 342.889431752482 2.18578478642727e-05
 12222.2222222222 -57.6775552615032 -69.0612879732653 18960.6944117345 0.306595091826975 346.512654517465 2.20589221189517e-05
 12469.1358024691 -57.6980259404998 -69.0799144450974 18218.0365852171 0.29461387887688 350.457810512712 2.29019420626623e-05
 12716.049382716 -57.7187317909662 -69.0987551721918 17504.3999575361 0.283100077891623 354.447883354788 2.37765921116292e-05
 12962.962962963 -57.7396754817869 -69.1178125923093 16818.6523534007 0.272035476077005 358.483384436176 2.46840291009245e-05
 13209.8765432099 -57.7608597109334 -69.1370891699249 16159.7057129576 0.261402569696057 362.564830971728 2.56254506561827e-05
 13456.7901234568 -57.7822872057382 -69.1565873964825 15526.5143742962 0.25118453648103 366.692746064947 2.66020965549525e-05
 13703.7037037037 -57.8039607231703 -69.176309790652 14918.0734227789 0.241365209118316 370.867658775037 2.76152501295844e-05
 13950.6172839506 -57.8258830501119 -69.196258898587 14333.4171045966 0.231929049764574 375.090104184707 2.86662397127204e-05
 14197.5308641975 -57.8480570036359 -69.2164372941842 13771.6173020518 0.22286112555398 379.360623468751 2.97564401264709e-05
 14444.4444444444 -57.8704854312844 -69.2368475793423 13231.7820681687 0.214147085058066 383.679763963412 3.08872742163821e-05
 14691.3580246914 -57.8931712113483 -69.2574923842237 12713.0542183224 0.205773135661092 388.048079236524 3.20602144313067e-05
 14938.2716049383 -57.916117253147 -69.2783743675156 12214.6099766708 0.197726021815392 392.466129158471 3.32767844503168e-05
 15185.1851851852 -57.93932649731 -69.299496216693 11735.6576752558 0.189993004142435 396.934479973933 3.45385608578006e-05
 15432.0987654321 -57.9628019160587 -69.3208606482823 11275.4365037273 0.182561839346758 401.453704374469 3.58471748679118e-05
 15679.012345679 -57.9865465134879 -69.3424704081246 10833.2153077195 0.175420760911146 406.024381571909 3.72043140995456e-05
 15925.9259259259 -58.0105633258499 -69.3643282716413 10408.2914339883 0.168558460542674 410.647097372593 3.86117244030297e-05
 16172.8395061728 -58.0348554218372 -69.3864370440993 9999.98962048987 0.161964070340445 415.322444252454 4.00712117397372e-05
 16419.7530864198 -58.0594259028665 -69.4087995608764 9607.66092965358 0.155627145656933 420.051021432948 4.15846441158308e-05
 16666.6666666667 -58.0842779033633 -69.431418687729 9230.68172316808 0.149537648625974 424.833434957856 4.31539535713668e-05
 16913.5802469136 -58.1094145910459 -69.4542973210576 8868.45267666646 0.143685932331493 429.67029777096 4.47811382259914e-05
 17160.4938271605 -58.1348391672105 -69.4774383881749 8520.39783275827 0.138062725592028 434.562229794601 4.64682643824746e-05
 17407.4074074074 -58.1605548670159 -69.5008448475733 8185.96369091668 0.132659118337133 439.509858009132 4.82174686893299e-05
 17654.3209876543 -58.1865649597683 -69.5245196891918 7864.61833278739 0.127466547552627 444.513816533272 5.00309603637792e-05
 17901.2345679012 -58.2128727492059 -69.5484659346849 7555.85058154119 0.122476783772578 449.574746705386 5.19110234763246e-05
 18148.1481481481 -58.239481573784 -69.5726866376894 7259.16919394591 0.117681918096758 454.693297165676 5.38600192981912e-05
 18395.0617283951 -58.2663948069586 -69.5971848840928 6974.10208388506 0.113074349713137 459.870123939319 5.58803887129108e-05
 18641.975308642 -58.2936158574711 -69.6219637923009 6700.19557609971 0.108646773905777 465.105890520545 5.79746546933103e-05
 18888.8888888889 -58.3211481696311 -69.6470265135048 6437.01368897787 0.104392170529252 470.401267957676 6.01454248451747e-05
 19135.8024691358 -58.3489952236 -69.6723762319486 6184.13744526151 0.100303792931446 475.75693493913 6.23953940188472e-05
 19382.7160493827 -58.3771605356729 -69.6980161651953 5941.16420958489 0.0963751573073013 481.173577880409 6.4727346990021e-05
 19629.6296296296 -58.4056476585597 -69.7239495643937 5707.70705180056 0.092600032466754 486.651891012069 6.71441612109741e-05
 19876.5432098765 -58.4344601816666 -69.7501797145434 5483.39413508966 0.0889724300007453 492.192576468704 6.96488096334873e-05
 