36.36342729    -97.52079839 1
36.36447358    -97.51650038 1
36.35256458    -97.53014278 1
36.35277057    -97.52562298 1
36.35189738    -97.51848545 1
36.34853941    -97.63779779 1
36.34911306    -97.63434348 1
36.35093694    -97.62997615 1
36.3429541    -97.64686466 1
36.34533193    -97.64267924 1
36.34175841    -97.61949714 1
36.34544237    -97.61538734 1
36.34419894    -97.5437569 1
36.34212881    -97.53924202 1
36.34546443    -97.53473406 1
36.34439732    -97.52012294 1
36.34306957    -97.51635754 1
36.33481931    -97.64658356 1
36.3380891    -97.64162475 1
36.33695409    -97.62814936 1
36.33640153    -97.61228125 1
36.33820037    -97.60892986 1
36.3379535    -97.60011036 1
36.33473737    -97.54446151 1
36.33794076    -97.52419785 1
36.33706521    -97.52046112 1
36.33523766    -97.51688035 1
36.33093723    -97.6420698 1
36.32882169    -97.63283799 1
36.32359139    -97.64684316 1
36.32161537    -97.6419319 1
36.32122046    -97.63498664 1
36.32337834    -97.62968007 1
36.32161242    -97.61508408 1
36.322317    -97.61047038 1
36.32473306    -97.53075731 1
36.32395863    -97.52557592 1
36.31331494    -97.52512158 1
36.31284126    -97.52177505 1
36.31636872    -97.5168541 1
36.30751775    -97.5272555 1
36.30838238    -97.51738619 1
36.29955221    -97.53991142 1
36.30016836    -97.53510048 1
36.30136259    -97.52517898 1
36.29864828    -97.52217804 1
36.30107031    -97.51686377 1
36.29117459    -97.53685378 1
36.29576441    -97.5308947 1
36.29328744    -97.52608879 1
36.29265741    -97.51888247 1
36.28759013    -97.52829911 1
36.28714591    -97.52286222 1
36.28148148    -97.57088003 1
36.28199172    -97.54882545 1
36.27652767    -97.54733343 1
36.28064691    -97.54427243 1
36.27884531    -97.53984208 1
36.27820924    -97.53514713 1
36.27796347    -97.53051663 1
36.27013394    -97.53968149 1
36.26969631    -97.53479777 1
36.27346469    -97.52833019 1
36.26592756    -97.60116374 1
36.26622241    -97.53070417 1
36.26678546    -97.52543102 1
36.26230284    -97.52120406 1
36.26604588    -97.51743929 1
36.26873273    -97.51318032 1
36.26338531    -97.50711426 1
36.25786791    -97.54440909 1
36.2555332    -97.53980996 1
36.25867362    -97.535812 1
36.25592498    -97.53074134 1
36.2551314    -97.52633672 1
36.25579709    -97.5114549 1
36.25691342    -97.50790715 1
36.24756541    -97.54503303 1
36.24109709    -97.52050888 1
36.23330453    -97.52090877 1
36.34278668    -97.59173227 1
36.34352893    -97.58000929 1
36.33660126    -97.59544326 1
36.33098396    -97.59080947 1
36.33513087    -97.57777587 1
36.3352076    -97.5738292 1
36.33826019    -97.57038768 1
36.33444164    -97.56178888 1
36.3341958    -97.54805692 1
36.33508752    -97.51244539 1
36.33767389    -97.50794979 1
36.33507907    -97.50361073 1
36.33420939    -97.49889917 1
36.32393568    -97.55761509 1
36.32424344    -97.55253098 1
36.32727257    -97.54523004 1
36.3290927    -97.53902979 1
36.29411489    -97.62900269 1
36.30125561    -97.62815191 1
36.29412321    -97.61094968 1
36.29489066    -97.5127957 1
36.29499178    -97.5079038 1
36.28442306    -97.62886015 1
36.28487386    -97.61934065 1
36.28487518    -97.61480919 1
36.28596484    -97.6109058 1
36.28356209    -97.60595929 1
36.27943408    -97.60064273 1
36.28028236    -97.59597506 1
36.27942281    -97.59109304 1
36.28653394    -97.55998719 1
36.28677928    -97.50925216 1
36.27189947    -97.58157442 1
36.27642448    -97.57466838 1
36.27941481    -97.56627449 1
36.27848922    -97.56189365 1
36.26586026    -97.5960896 1
36.26288188    -97.59201015 1
36.26450776    -97.57934877 1
36.27011053    -97.50967601 1
36.30591574    -97.52226465 1
36.24394551    -97.51177865 1
36.2439189    -97.50726361 1
36.24841527    -97.50388327 1
36.24859819    -97.49949485 1
