36.40280128    -97.50350587 1
36.40246798    -97.50809908 1
36.40304049    -97.5124194 1
36.40228665    -97.52290785 1
36.40316197    -97.53936759 1
36.41098759    -97.53468079 1
36.4127243    -97.53921866 1
36.41362    -97.54334527 1
36.41405547    -97.54759063 1
36.40299782    -97.49470142 1
36.40294382    -97.49904754 1
36.40664299    -97.51832663 1
36.41412754    -97.50838388 1
36.41540807    -97.52172197 1
36.4249404    -97.53051521 1
36.42719161    -97.52635746 1
36.42959005    -97.52244687 1
36.42949755    -97.51812659 1
36.40297001    -97.48150592 1
36.40270686    -97.48596929 1
36.40276142    -97.49032824 1
36.4143385    -97.48520997 1
36.41348766    -97.48085597 1
36.41343163    -97.47503991 1
36.41493196    -97.47111932 1
36.41734734    -97.46741995 1
36.41614796    -97.4633161 1
36.41070065    -97.45496741 1
36.4130887    -97.45064542 1
36.40998152    -97.44623857 1
36.41074531    -97.44085989 1
36.41072478    -97.43273075 1
36.39310958    -97.4566201 1
36.3931379    -97.45214291 1
36.39254317    -97.44673785 1
36.41086198    -97.42841073 1
36.41054622    -97.42391851 1
36.41016552    -97.41936151 1
36.41093634    -97.4151803 1
36.41014035    -97.41091907 1
36.41103023    -97.40592123 1
36.41101276    -97.40119683 1
36.40324964    -97.39726903 1
36.40357327    -97.39238876 1
36.39247888    -97.4204302 1
36.39294176    -97.4157752 1
36.39300011    -97.41087897 1
36.39298556    -97.40602057 1
36.39318452    -97.40158406 1
36.38684012    -97.38415899 1
36.38674003    -97.37931381 1
36.38647783    -97.37446109 1
36.3845901    -97.36133825 1
36.3815094    -97.41174862 1
36.38136332    -97.40609542 1
36.38174804    -97.40146826 1
36.38198146    -97.39696533 1
36.38145    -97.39245316 1
36.37823234    -97.38793252 1
36.3711432    -97.36973379 1
36.3709057    -97.36544224 1
36.37080618    -97.3608317 1
36.3649928    -97.42383701 1
36.36561579    -97.41925344 1
36.3656434    -97.41460977 1
36.3654823    -97.41034243 1
36.36471602    -97.40549584 1
36.3660929    -97.40160627 1
36.3656745    -97.39714304 1
36.36521413    -97.39236641 1
36.36376751    -97.38584275 1
36.38862647    -97.47096481 1
36.38723856    -97.4660335 1
36.38159332    -97.45099209 1
36.37779575    -97.44752103 1
36.38129386    -97.43719494 1
36.38516632    -97.43322344 1
36.38787818    -97.42861867 1
36.3880792    -97.42402815 1
36.3869653    -97.47561925 1
36.3851101    -97.48105688 1
36.38546219    -97.48537128 1
36.38499747    -97.48980397 1
36.38475693    -97.49418391 1
36.38795152    -97.49969651 1
36.38733411    -97.50399305 1
36.38528003    -97.50751148 1
36.3847467    -97.51188671 1
