0.0 0.0 0.0 0.0
1.217311652923492e-06 0.00011140613491415374 0.0 0.0
6.086537518545931e-06 0.0005570274195276387 0.0 0.0
1.704221791976046e-05 0.001559660241516003 0.0 0.0
3.651878945154508e-05 0.0033420734502807845 0.0 0.0
6.69505434929274e-05  0.0061269859333703105 0.0 0.0
0.0001107715847206148 0.010137027830325164 0.0 0.0
0.0001704157896263991 0.015594654328461917 0.0 0.0
0.0002470994533848581 0.022610560551618166 0.0 0.0
0.0003408212691252688 0.03118329599615294 0.0 0.0
0.0004515796396062921 0.041309855577899 0.0 0.0
0.000579372677243728  0.05298424056514345 0.0 0.0
0.0007241982041420458 0.0661951414700109 0.0 0.0
0.0008860537521320211 0.08092253985409509 0.0 0.0
0.001064936562812813 0.0971331738653471 0.0 0.0
0.001260843587598481 0.11477508395784822 0.0 0.0
0.001473771487770281 0.1337718182129991 0.0 0.0
0.001703716634533836 0.15401723219797894 0.0 0.0
0.001950675109080202 0.17537202560217383 0.0 0.0
0.002214642702653591 0.19766309500502766 0.0 0.0
0.002495614916622313 0.22068641020278618 0.0 0.0
0.002793586962555827 0.24421351408048736 0.0 0.0
0.003108553762306454 0.26800106528869905 0.0 0.0
0.003440509948095416 0.2918022762175396 0.0 0.0
0.003789449862605099 0.3153787887917496 0.0 0.0
0.00415536755907453 0.33851153352152946 0.0 0.0
0.00453825680140163 0.3610093985843633 0.0 0.0
0.004938111064248796 0.38271499588213365 0.0 0.0
0.005354923533154365 0.40350732369344205 0.0 0.0
0.005788687104649082 0.42330157619153297 0.0 0.0
0.006239394386376662 0.44204666394902753 0.0 0.0
0.006707037697219698 0.45972116053418083 0.0 0.0
0.007191609067431326 0.4763283937977089 0.0 0.0
0.007693100238770012 0.4918913001425068 0.0 0.0
0.008211502664641435 0.5064475077163358 0.0 0.0
0.008746807510242927 0.5200449482275936 0.0 0.0
0.00929900565271502 0.532738144371353 0.0 0.0
0.009868087681296545 0.5445852012395845 0.0 0.0
0.01045404389748472 0.5556454604448817 0.0 0.0
0.01105686431520103 0.5659777499855595 0.0 0.0
0.01167653866096097 0.5756391497457344 0.0 0.0
0.01231305637404945 0.5846841826152349 0.0 0.0
0.01296640660670023 0.5931643403160594 0.0 0.0
0.01363657822428155 0.601127860670266 0.0 0.0
0.01432355980548528 0.608619682139255 0.0 0.0
0.01502733964252179 0.6156815050972786 0.0 0.0
0.01574790574131968 0.6223518994969911 0.0 0.0
0.01648524582172972 0.6286664134066627 0.0 0.0
0.01723934731773447 0.6346576755798535 0.0 0.0
0.01801019737766241 0.6403555190005279 0.0 0.0
0.01879778286440703 0.6457871582543366 0.0 0.0
0.0196020903556503 0.6509774062824263 0.0 0.0
0.02042310614409193 0.6559488584319104 0.0 0.0
0.02126081623768261 0.6607220139669816 0.0 0.0
0.02211520635986297 0.6653154146337487 0.0 0.0
0.02298626194980602 0.6697458361665584 0.0 0.0
0.02387396816266618 0.6740284263030051 0.0 0.0
0.02477830986983187 0.6781767885643138 0.0 0.0
0.02569927165918329 0.6822031020398561 0.0 0.0
0.02663683783535509 0.6861182708699223 0.0 0.0
0.02759099242000418 0.6899320475117866 0.0 0.0
0.0285617191520815 0.6936531306253383 0.0 0.0
0.02954900148810957 0.697289274391367 0.0 0.0
0.03055282260246439 0.700847418877707 0.0 0.0
0.03157316538766197 0.7043338036947433 0.0 0.0
0.03261001245465012 0.7077540244565094 0.0 0.0
0.0336633461331044 0.7111130669920873 0.0 0.0
0.03473314847172981 0.7144153223784735 0.0 0.0
0.03581940123856664 0.7176645942914638 0.0 0.0
0.03692208592130042 0.7208641757417564 0.0 0.0
0.03804118372757859 0.7240170305590236 0.0 0.0
0.03917667558532989 0.7271259207331257 0.0 0.0
0.04032854214308979 0.7301934033701646 0.0 0.0
0.04149676377033007 0.7332217993282111 0.0 0.0
0.0426813205577935 0.7362131455439986 0.0 0.0
0.04388219231783319 0.7391692003300155 0.0 0.0
0.04509935858475644 0.7420914852425665 0.0 0.0
0.04633279861517381 0.744981308448903 0.0 0.0
0.04758249138835247 0.74783985979067 0.0 0.0
0.04884841560657416 0.7506683169127073 0.0 0.0
0.05013054969549879 0.7534677877241249 0.0 0.0
0.05142887180453171 0.7562393057597661 0.0 0.0
0.0527433598071958 0.7589839217504151 0.0 0.0
0.05407399130150936 0.7617025776963112 0.0 0.0
0.0554207436103672 0.7643960083517222 0.0 0.0
0.05678359378192743 0.767064808851985 0.0 0.0
0.05816251859000254 0.7697095126185458 0.0 0.0
0.05955749453445514 0.7723306799775616 0.0 0.0
0.06096849784159863 0.7749288729908923 0.0 0.0
0.0623955044646024 0.7775045817819957 0.0 0.0
0.06383849008390119 0.7800581798693501 0.0 0.0
0.06529743010761013 0.7825899146693549 0.0 0.0
0.06677229967194354 0.7851000034346878 0.0 0.0
0.06826307364163875 0.7875887752508794 0.0 0.0
0.06976972661038428 0.790056636442802 0.0 0.0
0.0712922329012533 0.7925039470154007 0.0 0.0
0.0728305665671406 0.7949310784150017 0.0 0.0
0.07438470139120534 0.7973383740665354 0.0 0.0
0.07595461088731725 0.7997261358672254 0.0 0.0
0.07754026830050886 0.8020946171335985 0.0 0.0
0.0791416466074305 0.8044440152994246 0.0 0.0
0.0807587185168116 0.8067745510976451 0.0 0.0
0.08239145646992563 0.8090864392710908 0.0 0.0
0.08403983264105919 0.8113798275537744 0.0 0.0
0.08570381893798718 0.813654862706185 0.0 0.0
0.08738338700245085 0.8159117995712017 0.0 0.0
0.08907850821064123 0.8181509403346153 0.0 0.0
0.09078915367368723 0.8203726239021643 0.0 0.0
0.09251529423814753 0.8225771840577804 0.0 0.0
0.09425690048650792 0.8247648350590637 0.0 0.0
0.09601394273768227 0.8269356358581906 0.0 0.0
0.0977863910475184 0.8290896245193335 0.0 0.0
0.09957421520930865 0.8312269522374758 0.0 0.0
0.1013773847543044 0.8333478232877262 0.0 0.0
0.1031958689522353 0.8354524834137913 0.0 0.0
0.1050296368118336 0.8375412599030938 0.0 0.0
0.1068786570813612 0.83961441959534 0.0 0.0
0.1087428982491435 0.8416721966590038 0.0 0.0
0.1106223285441054 0.8437149645893851 0.0 0.0
0.1125169159363132 0.8457432801955882 0.0 0.0
0.1144266281375207 0.8477577405258729 0.0 0.0
0.1163514326017191 0.8497587019453117 0.0 0.0
0.1182912965256916 0.8517462535964925 0.0 0.0
0.1202461868495729 0.8537202567648244 0.0 0.0
0.1222160702574122 0.8556805376195089 0.0 0.0
0.1242009131777411 0.8576270567655011 0.0 0.0
0.1262006817841457 0.859559855276432 0.0 0.0
0.1282153419958432 0.8614790240461743 0.0 0.0
0.1302448594782628 0.8633846225241005 0.0 0.0
0.1322891996436305 0.8652767796685787 0.0 0.0
0.1343483276515588 0.8671557758829654 0.0 0.0
0.1364222084096405 0.8690219114218987 0.0 0.0
0.1385108065740466 0.8708755751778129 0.0 0.0
0.1406140865501285 0.8727171398583112 0.0 0.0
0.1427320124930254 0.8745467195850641 0.0 0.0
0.1448645483082741 0.8763643014488819 0.0 0.0
0.1470116576524249 0.8781699758162448 0.0 0.0
0.1491733039336606 0.8799639277618019 0.0 0.0
0.1513494503124202 0.8817463985307787 0.0 0.0
0.153540059702027 0.8835175714281407 0.0 0.0
0.1557450947693203 0.8852774162205512 0.0 0.0
0.1579645179352918 0.8870258409101626 0.0 0.0
0.1601982913757256 0.8887628179088204 0.0 0.0
0.1624463770218439 0.8904884475714206 0.0 0.0
0.1647087365609547 0.8922029687521473 0.0 0.0
0.1669853314371051 0.8939065997698805 0.0 0.0
0.1692761228517385 0.8955993471359808 0.0 0.0
0.1715810717643558 0.8972811995622746 0.0 0.0
0.1739001388931806 0.8989524583382827 0.0 0.0
0.1762332847158286 0.9006136088702439 0.0 0.0
0.1785804694699815 0.9022650177404423 0.0 0.0
0.1809416531540645 0.9039068724805179 0.0 0.0
0.1833167955279277 0.9055391459871299 0.0 0.0
0.1857058561135323 0.9071619216229164 0.0 0.0
0.1881087941956401 0.9087754003620085 0.0 0.0
0.1905255688225079 0.9103796430584327 0.0 0.0
0.1929561388065848 0.911974726776834 0.0 0.0
0.1954004627252144 0.9135606970140512 0.0 0.0
0.197858498921341 0.9151376855427551 0.0 0.0
0.200330205504219 0.9167059711207346 0.0 0.0
0.2028155403501273 0.9182657846303789 0.0 0.0
0.2053144611030869 0.9198173470853775 0.0 0.0
0.207826925175583 0.9213609272334615 0.0 0.0
0.2103528897492902 0.9228967515020714 0.0 0.0
0.2128923117758034 0.9244247852399078 0.0 0.0
0.2154451479773698 0.9259447467445927 0.0 0.0
0.2180113548476281 0.9274563490254334 0.0 0.0
0.2205908886523488 0.9289594592760015 0.0 0.0
0.2231837054301802 0.9304542478509127 0.0 0.0
0.225789760993397 0.9319412509979282 0.0 0.0
0.2284090109286542 0.9334209418746512 0.0 0.0
0.231041410597743 0.9348934405590973 0.0 0.0
0.2336869151383524 0.9363587405745076 0.0 0.0
0.2363454794648333 0.9378168765599467 0.0 0.0
0.2390170582689671 0.9392678950487781 0.0 0.0
0.2417016060207376 0.940711651065673 0.0 0.0
0.2443990769691072 0.9421480922469726 0.0 0.0
0.2471094251427964 0.9435771784982919 0.0 0.0
0.2498326043510675 0.9449989788097755 0.0 0.0
0.2525685681845112 0.9464136839308143 0.0 0.0
0.2553172700158386 0.9478212946302264 0.0 0.0
0.2580786630006749 0.9492217782573125 0.0 0.0
0.260852700078358 0.9506151056434238 0.0 0.0
0.2636393339727408 0.9520012477347317 0.0 0.0
0.2664385171929963 0.9533803786785173 0.0 0.0
0.2692502020344277 0.9547527257046486 0.0 0.0
0.2720743405792809 0.9561184544824323 0.0 0.0
0.2749108846975613 0.9574778239110496 0.0 0.0
0.2777597860478538 0.9588310450011877 0.0 0.0
0.2806209960781473 0.9601782292274886 0.0 0.0
0.2834944660266612 0.9615193317258413 0.0 0.0
0.2863801469226772 0.9628543117952431 0.0 0.0
0.2892779895873737 0.9641832258074391 0.0 0.0
0.2921879446346636 0.9655061102311662 0.0 0.0
0.2951099624720362 0.9668230776449845 0.0 0.0
0.2980439933014026 0.9681343864045031 0.0 0.0
0.3009899871199438 0.9694402639247923 0.0 0.0
0.3039478937209633 0.9707406583504683 0.0 0.0
0.3069176626947427 0.9720353354914428 0.0 0.0
0.3098992434294008 0.9733242700142486 0.0 0.0
0.3128925851117559 0.9746078536245253 0.0 0.0
0.315897636728192 0.9758863402151784 0.0 0.0
0.3189143470655283 0.9771595088146999 0.0 0.0
0.3219426647118918 0.9784272185083719 0.0 0.0
0.3249825380575933 0.9796896634251465 0.0 0.0
0.3280339152960073 0.9809470023963451 0.0 0.0
0.331096744424455 0.9821991054488802 0.0 0.0
0.3341709732450902 0.9834459085225121 0.0 0.0
0.3372565493657887 0.9846875264424727 0.0 0.0
0.340353420201042 0.9859240938340674 0.0 0.0
0.3434615329728526 0.9871555114571253 0.0 0.0
0.346580834711634 0.9883813577755736 0.0 0.0
0.3497112722571132 0.9896015762012266 0.0 0.0
0.3528527922592367 0.99081652702429 0.0 0.0
0.35600534117908 0.9920262495184689 0.0 0.0
0.3591688652897594 0.993230638256614 0.0 0.0
0.3623433106773484 0.9944297593668414 0.0 0.0
0.3655286232417957 0.9956237661357139 0.0 0.0
0.368724748697848 0.9968125901403091 0.0 0.0
0.3719316325759746 0.9979960986578006 0.0 0.0
0.3751492202232959 0.9991743889398924 0.0 0.0
0.3783774568045147 1.000347647126256 0.0 0.0
0.3816162873028511 1.0015161551437557 0.0 0.0
0.3848656565209795 1.0026802169912563 0.0 0.0
0.3881255090819695 1.0038399040764108 0.0 0.0
0.3913957894302302 1.0049953033517267 0.0 0.0
0.3946764418324564 1.0061465436252042 0.0 0.0
0.3979674103785783 1.0072934019273698 0.0 0.0
0.4012686389827149 1.0084356583504384 0.0 0.0
0.4045800713841297 1.0095733545366574 0.0 0.0
0.407901651148189 1.0107065890036997 0.0 0.0
0.4112333216673243 1.0118354965139098 0.0 0.0
0.4145750261619968 1.0129604734335742 0.0 0.0
0.417926707681665 1.01408193425014 0.0 0.0
0.4212883091057552 1.0152001565281163 0.0 0.0
0.4246597731446353 1.0163153568916408 0.0 0.0
0.4280410423405908 1.0174277213201164 0.0 0.0
0.4314320590688043 1.0185370504195503 0.0 0.0
0.4348327655383372 1.019642798230917 0.0 0.0
0.4382431037931148 1.0207446730023402 0.0 0.0
0.4416630157129143 1.021842575607473 0.0 0.0
0.4450924430143548 1.0229366924786005 0.0 0.0
0.4485313272518908 1.0240272160718744 0.0 0.0
0.4519796098188085 1.025114058909379 0.0 0.0
0.4554372319482241 1.0261971221111332 0.0 0.0
0.4589041347140854 1.0272764190152335 0.0 0.0
0.4623802590321769 1.0283518990674234 0.0 0.0
0.4658655456611256 1.0294234657645767 0.0 0.0
0.4693599352034108 1.0304910509800187 0.0 0.0
0.4728633681063773 1.0315544822130562 0.0 0.0
0.4763757846632491 1.0326136853060508 0.0 0.0
0.4798971250141478 1.0336686031996722 0.0 0.0
0.4834273291471126 1.034719017484392 0.0 0.0
0.4869663368991224 1.035764937541362 0.0 0.0
0.4905140879571221 1.0368066522595223 0.0 0.0
0.4940705218590499 1.0378444141311418 0.0 0.0
0.4976355779948676 1.0388782948008106 0.0 0.0
0.5012091956075939 1.0399083596192416 0.0 0.0
0.5047913137943398 1.040934710480001 0.0 0.0
0.5083818715073465 1.041957200670301 0.0 0.0
0.5119808075550254 1.0429757432947437 0.0 0.0
0.5155880606030014 1.0439903805785498 0.0 0.0
0.5192035691751582 1.0450011270368005 0.0 0.0
0.5228272716546859 1.0460078719393338 0.0 0.0
0.5264591062851307 1.0470107647095013 0.0 0.0
0.5300990111714481 1.0480101158827408 0.0 0.0
0.5337469242810573 1.0490061315131571 0.0 0.0
0.5374027834448982 1.049998911149802 0.0 0.0
0.5410665263584914 1.050988243436124 0.0 0.0
0.5447380905829997 1.0519738732048172 0.0 0.0
0.5484174135462924 1.0529556094998889 0.0 0.0
0.5521044325440113 1.0539333034248877 0.0 0.0
0.5557990847406399 1.054906913979975 0.0 0.0
0.5595013071705737 1.0558764699979581 0.0 0.0
0.5632110367391936 1.056841953521945 0.0 0.0
0.566928210223941 1.057803534098425 0.0 0.0
0.5706527642753958 1.0587614606663196 0.0 0.0
0.5743846354183553 1.059715828358481 0.0 0.0
0.5781237600529161 1.0606665001402922 0.0 0.0
0.5818700744555583 1.0616132130578062 0.0 0.0
0.5856235147802317 1.0625558983662156 0.0 0.0
0.5893840170594431 1.063494846560091 0.0 0.0
0.593151517205347 1.0644299677355376 0.0 0.0
0.5969259510108379 1.0653606677605645 0.0 0.0
0.6007072541506442 1.0662864526398241 0.0 0.0
0.6044953621824245 1.0672069239093953 0.0 0.0
0.6082902105478664 1.068121706922733 0.0 0.0
0.6120917345737857 1.069030475813776 0.0 0.0
0.6158998694732298 1.0699332520359268 0.0 0.0
0.6197145503465804 1.0708301957020576 0.0 0.0
0.6235357121826612 1.0717213344748797 0.0 0.0
0.6273632898598445 1.072606627668974 0.0 0.0
0.6311972181471613 1.0734860402254864 0.0 0.0
0.6350374317054138 1.0743596894671337 0.0 0.0
0.6388838650882879 1.0752276615613787 0.0 0.0
0.6427364527434689 1.0760898693822198 0.0 0.0
0.6465951290137593 1.0769462024979783 0.0 0.0
0.6504598281381966 1.0777966835969708 0.0 0.0
0.6543304842531749 1.0786414776539237 0.0 0.0
0.6582070313935672 1.0794807554297583 0.0 0.0
0.6620894034938494 1.0803144862152758 0.0 0.0
0.6659775343892262 1.081142405143407 0.0 0.0
0.6698713578167591 1.0819642509990406 0.0 0.0
0.6737708074164952 1.0827800011152235 0.0 0.0
0.6776758167325982 1.0835897104066905 0.0 0.0
0.6815863192144815 1.0843930466102056 0.0 0.0
0.6855022482179417 1.0851894824968071 0.0 0.0
0.6894235370062947 1.0859787166491295 0.0 0.0
0.6933501187515128 1.0867605762402337 0.0 0.0
0.6972819265353641 1.0875350056888133 0.0 0.0
0.7012188933505527 1.0883021422398613 0.0 0.0
0.7051609521018602 1.0890621688129631 0.0 0.0
0.7091080356072901 1.0898151747391618 0.0 0.0
0.7130600765992119 1.0905611944494604 0.0 0.0
0.7170170077255077 1.091300148925149 0.0 0.0
0.7209787615507204 1.0920320104138537 0.0 0.0
0.7249452705572028 1.0927568538290762 0.0 0.0
0.7289164671462678 1.093474536386571 0.0 0.0
0.732892283639341 1.0941846803820647 0.0 0.0
0.7368726522791142 1.0948868827183935 0.0 0.0
0.7408575052306994 1.095580974770836 0.0 0.0
0.7448467745827856 1.0962669184077736 0.0 0.0
0.7488403923487958 1.0969446208084177 0.0 0.0
0.752838290468046 1.0976139980965551 0.0 0.0
0.7568404008069043 1.098275128126286 0.0 0.0
0.7608466551599531 1.0989282183752769 0.0 0.0
0.7648569852511511 1.099573232042445 0.0 0.0
0.7688713227349963 1.1002099041468754 0.0 0.0
0.7728895991976916 1.100837950306941 0.0 0.0
0.7769117461583105 1.1014572806798282 0.0 0.0
0.7809376950699636 1.102067985604749 0.0 0.0
0.7849673773209678 1.1026700407295404 0.0 0.0
0.7890007242360147 1.1032633577234505 0.0 0.0
0.7930376670773416 1.1038476708187197 0.0 0.0
0.7970781370459026 1.104422738022161 0.0 0.0
0.8011220652825412 1.1049885353023232 0.0 0.0
0.8051693828691638 1.1055448470037688 0.0 0.0
0.8092200208299145 1.1060914642390087 0.0 0.0
0.8132739101323502 1.106628350311339 0.0 0.0
0.8173309816886172 1.107155376545416 0.0 0.0
0.8213911663566287 1.1076723185689001 0.0 0.0
0.8254543949412434 1.1081788222016578 0.0 0.0
0.829520598195444 1.1086746368493074 0.0 0.0
0.8335897068215181 1.109159813164577 0.0 0.0
0.8376616514722389 1.10963459018341 0.0 0.0
0.841736362752047 1.1100991076017594 0.0 0.0
0.845813771218233 1.1105533754453123 0.0 0.0
0.8498938073821211 1.1109972049947676 0.0 0.0
0.8539764017102535 1.1114303392667393 0.0 0.0
0.858061484625575 1.1118526704412035 0.0 0.0
0.8621489865086192 1.1122641279560428 0.0 0.0
0.8662388376986945 1.1126647084118235 0.0 0.0
0.8703309684950719 1.1130543228625418 0.0 0.0
0.8744253091581722 1.1134329177305022 0.0 0.0
0.8785217899107551 1.1138005472542447 0.0 0.0
0.8826203409391081 1.1141571709007685 0.0 0.0
0.8867208923942361 1.1145026282029389 0.0 0.0
0.8908233743930521 1.1148367835748216 0.0 0.0
0.8949277170195682 1.1151596154780363 0.0 0.0
0.8990338503260868 1.1154711733828995 0.0 0.0
0.9031417043343931 1.1157713200263766 0.0 0.0
0.9072512090369473 1.11605972508053 0.0 0.0
0.9113622943980779 1.116336144189679 0.0 0.0
0.9154748903551754 1.1166005500083394 0.0 0.0
0.9195889268198859 1.1168529115709196 0.0 0.0
0.923704333679306 1.1170930843004574 0.0 0.0
0.9278210407971776 1.1173210208729007 0.0 0.0
0.9319389780150831 1.117536637160364 0.0 0.0
0.9360580751536409 1.1177398284033127 0.0 0.0
0.9401782620137019 1.1179305881024477 0.0 0.0
0.9442994683775454 1.1181089069629575 0.0 0.0
0.9484216240100758 1.1182746876473275 0.0 0.0
0.9525446586600201 1.1184277273200767 0.0 0.0
0.9566685020611244 1.1185678673511346 0.0 0.0
0.9607930839333522 1.1186951599682844 0.0 0.0
0.964918333984081 1.1188096901542868 0.0 0.0
0.9690441819093016 1.118911351122682 0.0 0.0
0.9731705573948156 1.1190000308462351 0.0 0.0
0.9772973901174332 1.119075791838296 0.0 0.0
0.9814246097461727 1.1191387316178165 0.0 0.0
0.9855521459434584 1.1191889672245374 0.0 0.0
0.9896799283663196 1.1192266886822442 0.0 0.0
0.9938078866675891 1.119251954837764 0.0 0.0
0.9979359504971027 1.1192646414784726 0.0 0.0
1.0 1.1192646414784726 0.0 0.0
