          281   ! number of levels ; TROPICAL sounding
 z(km)  p(mb)  o3(g/g)  n2o(g/g)  ch4(g/g)  cfc11(g/g)  cfc12(g/g)
    70.000     0.058  0.9300E-06  0.0000E+00  0.0000E+00  0.0000E+00  0.0000E+00
    69.750     0.060  0.9670E-06  0.0000E+00  0.0000E+00  0.0000E+00  0.0000E+00
    69.500     0.062  0.1004E-05  0.0000E+00  0.0000E+00  0.0000E+00  0.0000E+00
    69.250     0.064  0.1041E-05  0.0000E+00  0.0000E+00  0.0000E+00  0.0000E+00
    69.000     0.066  0.1078E-05  0.0000E+00  0.0000E+00  0.0000E+00  0.0000E+00
    68.750     0.069  0.1116E-05  0.0000E+00  0.0000E+00  0.0000E+00  0.0000E+00
    68.500     0.071  0.1153E-05  0.0000E+00  0.0000E+00  0.0000E+00  0.0000E+00
    68.250     0.073  0.1190E-05  0.0000E+00  0.0000E+00  0.0000E+00  0.0000E+00
    68.000     0.076  0.1227E-05  0.0000E+00  0.0000E+00  0.0000E+00  0.0000E+00
    67.750     0.078  0.1264E-05  0.0000E+00  0.0000E+00  0.0000E+00  0.0000E+00
    67.500     0.081  0.1301E-05  0.0000E+00  0.0000E+00  0.0000E+00  0.0000E+00
    67.250     0.084  0.1338E-05  0.0000E+00  0.0000E+00  0.0000E+00  0.0000E+00
    67.000     0.087  0.1376E-05  0.0000E+00  0.0000E+00  0.0000E+00  0.0000E+00
    66.750     0.090  0.1413E-05  0.0000E+00  0.0000E+00  0.0000E+00  0.0000E+00
    66.500     0.093  0.1450E-05  0.0000E+00  0.0000E+00  0.0000E+00  0.0000E+00
    66.250     0.096  0.1487E-05  0.0000E+00  0.0000E+00  0.0000E+00  0.0000E+00
    66.000     0.099  0.1524E-05  0.0000E+00  0.0000E+00  0.0000E+00  0.0000E+00
    65.750     0.103  0.1561E-05  0.0000E+00  0.0000E+00  0.0000E+00  0.0000E+00
    65.500     0.106  0.1598E-05  0.0000E+00  0.0000E+00  0.0000E+00  0.0000E+00
    65.250     0.110  0.1635E-05  0.0000E+00  0.0000E+00  0.0000E+00  0.0000E+00
    65.000     0.113  0.1673E-05  0.0000E+00  0.0000E+00  0.0000E+00  0.0000E+00
    64.750     0.117  0.1710E-05  0.0000E+00  0.0000E+00  0.0000E+00  0.0000E+00
    64.500     0.121  0.1747E-05  0.0000E+00  0.0000E+00  0.0000E+00  0.0000E+00
    64.250     0.125  0.1784E-05  0.0000E+00  0.0000E+00  0.0000E+00  0.0000E+00
    64.000     0.130  0.1821E-05  0.0000E+00  0.0000E+00  0.0000E+00  0.0000E+00
    63.750     0.134  0.1858E-05  0.0000E+00  0.0000E+00  0.0000E+00  0.0000E+00
    63.500     0.139  0.1895E-05  0.0000E+00  0.0000E+00  0.0000E+00  0.0000E+00
    63.250     0.144  0.1933E-05  0.0000E+00  0.0000E+00  0.0000E+00  0.0000E+00
    63.000     0.148  0.1970E-05  0.0000E+00  0.0000E+00  0.0000E+00  0.0000E+00
    62.750     0.154  0.2007E-05  0.0000E+00  0.0000E+00  0.0000E+00  0.0000E+00
    62.500     0.159  0.2044E-05  0.0000E+00  0.0000E+00  0.0000E+00  0.0000E+00
    62.250     0.164  0.2081E-05  0.0000E+00  0.0000E+00  0.0000E+00  0.0000E+00
    62.000     0.170  0.2118E-05  0.0000E+00  0.0000E+00  0.0000E+00  0.0000E+00
    61.750     0.176  0.2155E-05  0.0000E+00  0.0000E+00  0.0000E+00  0.0000E+00
    61.500     0.182  0.2192E-05  0.0000E+00  0.0000E+00  0.0000E+00  0.0000E+00
    61.250     0.188  0.2229E-05  0.0000E+00  0.0000E+00  0.0000E+00  0.0000E+00
    61.000     0.194  0.2266E-05  0.0000E+00  0.0000E+00  0.0000E+00  0.0000E+00
    60.750     0.201  0.2303E-05  0.0000E+00  0.0000E+00  0.0000E+00  0.0000E+00
    60.500     0.208  0.2341E-05  0.0000E+00  0.0000E+00  0.0000E+00  0.0000E+00
    60.250     0.215  0.2378E-05  0.0000E+00  0.0000E+00  0.0000E+00  0.0000E+00
    60.000     0.222  0.2415E-05  0.0000E+00  0.0000E+00  0.0000E+00  0.0000E+00
    59.750     0.230  0.2452E-05  0.0000E+00  0.0000E+00  0.0000E+00  0.0000E+00
    59.500     0.238  0.2489E-05  0.0000E+00  0.0000E+00  0.0000E+00  0.0000E+00
    59.250     0.246  0.2526E-05  0.0000E+00  0.0000E+00  0.0000E+00  0.0000E+00
    59.000     0.254  0.2563E-05  0.0000E+00  0.0000E+00  0.0000E+00  0.0000E+00
    58.750     0.263  0.2601E-05  0.0000E+00  0.0000E+00  0.0000E+00  0.0000E+00
    58.500     0.272  0.2638E-05  0.0000E+00  0.0000E+00  0.0000E+00  0.0000E+00
    58.250     0.281  0.2675E-05  0.0000E+00  0.0000E+00  0.0000E+00  0.0000E+00
    58.000     0.291  0.2712E-05  0.0000E+00  0.0000E+00  0.0000E+00  0.0000E+00
    57.750     0.301  0.2749E-05  0.0000E+00  0.0000E+00  0.0000E+00  0.0000E+00
    57.500     0.311  0.2786E-05  0.0000E+00  0.0000E+00  0.0000E+00  0.0000E+00
    57.250     0.322  0.2823E-05  0.0000E+00  0.0000E+00  0.0000E+00  0.0000E+00
    57.000     0.333  0.2860E-05  0.0000E+00  0.0000E+00  0.0000E+00  0.0000E+00
    56.750     0.344  0.2898E-05  0.0000E+00  0.0000E+00  0.0000E+00  0.0000E+00
    56.500     0.356  0.2935E-05  0.0000E+00  0.0000E+00  0.0000E+00  0.0000E+00
    56.250     0.368  0.2972E-05  0.0000E+00  0.0000E+00  0.0000E+00  0.0000E+00
    56.000     0.381  0.3009E-05  0.0000E+00  0.0000E+00  0.0000E+00  0.0000E+00
    55.750     0.394  0.3046E-05  0.0000E+00  0.0000E+00  0.0000E+00  0.0000E+00
    55.500     0.407  0.3083E-05  0.0000E+00  0.0000E+00  0.0000E+00  0.0000E+00
    55.250     0.421  0.3120E-05  0.0000E+00  0.0000E+00  0.0000E+00  0.0000E+00
    55.000     0.436  0.3158E-05  0.0000E+00  0.0000E+00  0.0000E+00  0.0000E+00
    54.750     0.451  0.3195E-05  0.0000E+00  0.0000E+00  0.0000E+00  0.0000E+00
    54.500     0.466  0.3232E-05  0.0000E+00  0.0000E+00  0.0000E+00  0.0000E+00
    54.250     0.482  0.3269E-05  0.0000E+00  0.0000E+00  0.0000E+00  0.0000E+00
    54.000     0.498  0.3306E-05  0.0000E+00  0.0000E+00  0.0000E+00  0.0000E+00
    53.750     0.516  0.3343E-05  0.0000E+00  0.0000E+00  0.0000E+00  0.0000E+00
    53.500     0.533  0.3380E-05  0.0000E+00  0.0000E+00  0.0000E+00  0.0000E+00
    53.250     0.551  0.3418E-05  0.0000E+00  0.0000E+00  0.0000E+00  0.0000E+00
    53.000     0.570  0.3455E-05  0.0000E+00  0.0000E+00  0.0000E+00  0.0000E+00
    52.750     0.590  0.3492E-05  0.0000E+00  0.0000E+00  0.0000E+00  0.0000E+00
    52.500     0.610  0.3529E-05  0.0000E+00  0.0000E+00  0.0000E+00  0.0000E+00
    52.250     0.631  0.3566E-05  0.0000E+00  0.0000E+00  0.0000E+00  0.0000E+00
    52.000     0.652  0.3603E-05  0.0000E+00  0.0000E+00  0.0000E+00  0.0000E+00
    51.750     0.675  0.3640E-05  0.0000E+00  0.0000E+00  0.0000E+00  0.0000E+00
    51.500     0.698  0.3677E-05  0.0000E+00  0.0000E+00  0.0000E+00  0.0000E+00
    51.250     0.722  0.3715E-05  0.0000E+00  0.0000E+00  0.0000E+00  0.0000E+00
    51.000     0.747  0.3752E-05  0.0000E+00  0.0000E+00  0.0000E+00  0.0000E+00
    50.750     0.772  0.3789E-05  0.0000E+00  0.0000E+00  0.0000E+00  0.0000E+00
    50.500     0.798  0.3826E-05  0.0000E+00  0.0000E+00  0.0000E+00  0.0000E+00
    50.250     0.826  0.3863E-05  0.0000E+00  0.0000E+00  0.0000E+00  0.0000E+00
    50.000     0.854  0.3900E-05  0.0000E+00  0.0000E+00  0.0000E+00  0.0000E+00
    49.750     0.881  0.4015E-05  0.0000E+00  0.0000E+00  0.0000E+00  0.0000E+00
    49.500     0.909  0.4130E-05  0.0000E+00  0.0000E+00  0.0000E+00  0.0000E+00
    49.250     0.937  0.4245E-05  0.0000E+00  0.0000E+00  0.0000E+00  0.0000E+00
    49.000     0.967  0.4360E-05  0.0000E+00  0.0000E+00  0.0000E+00  0.0000E+00
    48.750     0.998  0.4475E-05  0.0000E+00  0.0000E+00  0.0000E+00  0.0000E+00
    48.500     1.029  0.4590E-05  0.0000E+00  0.0000E+00  0.0000E+00  0.0000E+00
    48.250     1.061  0.4705E-05  0.0000E+00  0.0000E+00  0.0000E+00  0.0000E+00
    48.000     1.095  0.4820E-05  0.0000E+00  0.0000E+00  0.0000E+00  0.0000E+00
    47.750     1.129  0.4935E-05  0.0000E+00  0.0000E+00  0.0000E+00  0.0000E+00
    47.500     1.165  0.5050E-05  0.0000E+00  0.0000E+00  0.0000E+00  0.0000E+00
    47.250     1.202  0.5165E-05  0.0000E+00  0.0000E+00  0.0000E+00  0.0000E+00
    47.000     1.240  0.5280E-05  0.0000E+00  0.0000E+00  0.0000E+00  0.0000E+00
    46.750     1.279  0.5395E-05  0.0000E+00  0.0000E+00  0.0000E+00  0.0000E+00
    46.500     1.320  0.5510E-05  0.0000E+00  0.0000E+00  0.0000E+00  0.0000E+00
    46.250     1.361  0.5625E-05  0.0000E+00  0.0000E+00  0.0000E+00  0.0000E+00
    46.000     1.404  0.5740E-05  0.0000E+00  0.0000E+00  0.0000E+00  0.0000E+00
    45.750     1.448  0.5855E-05  0.0000E+00  0.0000E+00  0.0000E+00  0.0000E+00
    45.500     1.494  0.5970E-05  0.0000E+00  0.0000E+00  0.0000E+00  0.0000E+00
    45.250     1.541  0.6085E-05  0.0000E+00  0.0000E+00  0.0000E+00  0.0000E+00
    45.000     1.590  0.6200E-05  0.0000E+00  0.0000E+00  0.0000E+00  0.0000E+00
    44.750     1.643  0.6380E-05  0.0000E+00  0.0000E+00  0.0000E+00  0.0000E+00
    44.500     1.697  0.6560E-05  0.0000E+00  0.0000E+00  0.0000E+00  0.0000E+00
    44.250     1.753  0.6740E-05  0.0000E+00  0.0000E+00  0.0000E+00  0.0000E+00
    44.000     1.811  0.6920E-05  0.0000E+00  0.0000E+00  0.0000E+00  0.0000E+00
    43.750     1.871  0.7100E-05  0.0000E+00  0.0000E+00  0.0000E+00  0.0000E+00
    43.500     1.933  0.7280E-05  0.0000E+00  0.0000E+00  0.0000E+00  0.0000E+00
    43.250     1.997  0.7460E-05  0.0000E+00  0.0000E+00  0.0000E+00  0.0000E+00
    43.000     2.063  0.7640E-05  0.0000E+00  0.0000E+00  0.0000E+00  0.0000E+00
    42.750     2.131  0.7820E-05  0.0000E+00  0.0000E+00  0.0000E+00  0.0000E+00
    42.500     2.202  0.8000E-05  0.0000E+00  0.0000E+00  0.0000E+00  0.0000E+00
    42.250     2.275  0.8180E-05  0.0000E+00  0.0000E+00  0.0000E+00  0.0000E+00
    42.000     2.350  0.8360E-05  0.0000E+00  0.0000E+00  0.0000E+00  0.0000E+00
    41.750     2.428  0.8540E-05  0.0000E+00  0.0000E+00  0.0000E+00  0.0000E+00
    41.500     2.509  0.8720E-05  0.0000E+00  0.0000E+00  0.0000E+00  0.0000E+00
    41.250     2.592  0.8900E-05  0.0000E+00  0.0000E+00  0.0000E+00  0.0000E+00
    41.000     2.677  0.9080E-05  0.0000E+00  0.0000E+00  0.0000E+00  0.0000E+00
    40.750     2.766  0.9260E-05  0.0000E+00  0.0000E+00  0.0000E+00  0.0000E+00
    40.500     2.858  0.9440E-05  0.0000E+00  0.0000E+00  0.0000E+00  0.0000E+00
    40.250     2.952  0.9620E-05  0.0000E+00  0.0000E+00  0.0000E+00  0.0000E+00
    40.000     3.050  0.9800E-05  0.0000E+00  0.0000E+00  0.0000E+00  0.0000E+00
    39.750     3.155  0.9860E-05  0.0000E+00  0.0000E+00  0.0000E+00  0.0000E+00
    39.500     3.264  0.9920E-05  0.0000E+00  0.0000E+00  0.0000E+00  0.0000E+00
    39.250     3.376  0.9980E-05  0.0000E+00  0.0000E+00  0.0000E+00  0.0000E+00
    39.000     3.492  0.1004E-04  0.0000E+00  0.0000E+00  0.0000E+00  0.0000E+00
    38.750     3.612  0.1010E-04  0.0000E+00  0.0000E+00  0.0000E+00  0.0000E+00
    38.500     3.736  0.1016E-04  0.0000E+00  0.0000E+00  0.0000E+00  0.0000E+00
    38.250     3.865  0.1022E-04  0.0000E+00  0.0000E+00  0.0000E+00  0.0000E+00
    38.000     3.998  0.1028E-04  0.0000E+00  0.0000E+00  0.0000E+00  0.0000E+00
    37.750     4.136  0.1034E-04  0.0000E+00  0.0000E+00  0.0000E+00  0.0000E+00
    37.500     4.278  0.1040E-04  0.0000E+00  0.0000E+00  0.0000E+00  0.0000E+00
    37.250     4.425  0.1046E-04  0.0000E+00  0.0000E+00  0.0000E+00  0.0000E+00
    37.000     4.577  0.1052E-04  0.0000E+00  0.0000E+00  0.0000E+00  0.0000E+00
    36.750     4.735  0.1058E-04  0.0000E+00  0.0000E+00  0.0000E+00  0.0000E+00
    36.500     4.898  0.1064E-04  0.0000E+00  0.0000E+00  0.0000E+00  0.0000E+00
    36.250     5.067  0.1070E-04  0.0000E+00  0.0000E+00  0.0000E+00  0.0000E+00
    36.000     5.241  0.1076E-04  0.0000E+00  0.0000E+00  0.0000E+00  0.0000E+00
    35.750     5.421  0.1082E-04  0.0000E+00  0.0000E+00  0.0000E+00  0.0000E+00
    35.500     5.607  0.1088E-04  0.0000E+00  0.0000E+00  0.0000E+00  0.0000E+00
    35.250     5.800  0.1094E-04  0.0000E+00  0.0000E+00  0.0000E+00  0.0000E+00
    35.000     6.000  0.1100E-04  0.0000E+00  0.0000E+00  0.0000E+00  0.0000E+00
    34.750     6.217  0.1110E-04  0.0000E+00  0.0000E+00  0.0000E+00  0.0000E+00
    34.500     6.441  0.1120E-04  0.0000E+00  0.0000E+00  0.0000E+00  0.0000E+00
    34.250     6.674  0.1130E-04  0.0000E+00  0.0000E+00  0.0000E+00  0.0000E+00
    34.000     6.915  0.1140E-04  0.0000E+00  0.0000E+00  0.0000E+00  0.0000E+00
    33.750     7.165  0.1150E-04  0.0000E+00  0.0000E+00  0.0000E+00  0.0000E+00
    33.500     7.424  0.1160E-04  0.0000E+00  0.0000E+00  0.0000E+00  0.0000E+00
    33.250     7.692  0.1170E-04  0.0000E+00  0.0000E+00  0.0000E+00  0.0000E+00
    33.000     7.970  0.1180E-04  0.0000E+00  0.0000E+00  0.0000E+00  0.0000E+00
    32.750     8.258  0.1190E-04  0.0000E+00  0.0000E+00  0.0000E+00  0.0000E+00
    32.500     8.556  0.1200E-04  0.0000E+00  0.0000E+00  0.0000E+00  0.0000E+00
    32.250     8.865  0.1210E-04  0.0000E+00  0.0000E+00  0.0000E+00  0.0000E+00
    32.000     9.185  0.1220E-04  0.0000E+00  0.0000E+00  0.0000E+00  0.0000E+00
    31.750     9.517  0.1230E-04  0.0000E+00  0.0000E+00  0.0000E+00  0.0000E+00
    31.500     9.860  0.1240E-04  0.0000E+00  0.0000E+00  0.0000E+00  0.0000E+00
    31.250    10.220  0.1250E-04  0.0000E+00  0.0000E+00  0.0000E+00  0.0000E+00
    31.000    10.590  0.1260E-04  0.0000E+00  0.0000E+00  0.0000E+00  0.0000E+00
    30.750    10.970  0.1270E-04  0.0000E+00  0.0000E+00  0.0000E+00  0.0000E+00
    30.500    11.360  0.1280E-04  0.0000E+00  0.0000E+00  0.0000E+00  0.0000E+00
    30.250    11.770  0.1290E-04  0.0000E+00  0.0000E+00  0.0000E+00  0.0000E+00
    30.000    12.200  0.1300E-04  0.0000E+00  0.0000E+00  0.0000E+00  0.0000E+00
    29.750    12.660  0.1277E-04  0.0000E+00  0.0000E+00  0.0000E+00  0.0000E+00
    29.500    13.140  0.1254E-04  0.0000E+00  0.0000E+00  0.0000E+00  0.0000E+00
    29.250    13.640  0.1231E-04  0.0000E+00  0.0000E+00  0.0000E+00  0.0000E+00
    29.000    14.160  0.1208E-04  0.0000E+00  0.0000E+00  0.0000E+00  0.0000E+00
    28.750    14.700  0.1185E-04  0.0000E+00  0.0000E+00  0.0000E+00  0.0000E+00
    28.500    15.260  0.1162E-04  0.0000E+00  0.0000E+00  0.0000E+00  0.0000E+00
    28.250    15.840  0.1139E-04  0.0000E+00  0.0000E+00  0.0000E+00  0.0000E+00
    28.000    16.440  0.1116E-04  0.0000E+00  0.0000E+00  0.0000E+00  0.0000E+00
    27.750    17.060  0.1093E-04  0.0000E+00  0.0000E+00  0.0000E+00  0.0000E+00
    27.500    17.710  0.1070E-04  0.0000E+00  0.0000E+00  0.0000E+00  0.0000E+00
    27.250    18.380  0.1047E-04  0.0000E+00  0.0000E+00  0.0000E+00  0.0000E+00
    27.000    19.080  0.1024E-04  0.0000E+00  0.0000E+00  0.0000E+00  0.0000E+00
    26.750    19.800  0.1001E-04  0.0000E+00  0.0000E+00  0.0000E+00  0.0000E+00
    26.500    20.550  0.9780E-05  0.0000E+00  0.0000E+00  0.0000E+00  0.0000E+00
    26.250    21.330  0.9550E-05  0.0000E+00  0.0000E+00  0.0000E+00  0.0000E+00
    26.000    22.140  0.9320E-05  0.0000E+00  0.0000E+00  0.0000E+00  0.0000E+00
    25.750    22.980  0.9090E-05  0.0000E+00  0.0000E+00  0.0000E+00  0.0000E+00
    25.500    23.850  0.8860E-05  0.0000E+00  0.0000E+00  0.0000E+00  0.0000E+00
    25.250    24.760  0.8630E-05  0.0000E+00  0.0000E+00  0.0000E+00  0.0000E+00
    25.000    25.700  0.8400E-05  0.0000E+00  0.0000E+00  0.0000E+00  0.0000E+00
    24.750    26.710  0.8075E-05  0.0000E+00  0.0000E+00  0.0000E+00  0.0000E+00
    24.500    27.770  0.7750E-05  0.0000E+00  0.0000E+00  0.0000E+00  0.0000E+00
    24.250    28.860  0.7425E-05  0.0000E+00  0.0000E+00  0.0000E+00  0.0000E+00
    24.000    30.000  0.7100E-05  0.0000E+00  0.0000E+00  0.0000E+00  0.0000E+00
    23.750    31.180  0.6750E-05  0.0000E+00  0.0000E+00  0.0000E+00  0.0000E+00
    23.500    32.400  0.6400E-05  0.0000E+00  0.0000E+00  0.0000E+00  0.0000E+00
    23.250    33.670  0.6050E-05  0.0000E+00  0.0000E+00  0.0000E+00  0.0000E+00
    23.000    35.000  0.5700E-05  0.0000E+00  0.0000E+00  0.0000E+00  0.0000E+00
    22.750    36.390  0.5325E-05  0.0000E+00  0.0000E+00  0.0000E+00  0.0000E+00
    22.500    37.840  0.4950E-05  0.0000E+00  0.0000E+00  0.0000E+00  0.0000E+00
    22.250    39.340  0.4575E-05  0.0000E+00  0.0000E+00  0.0000E+00  0.0000E+00
    22.000    40.900  0.4200E-05  0.0000E+00  0.0000E+00  0.0000E+00  0.0000E+00
    21.750    42.570  0.3900E-05  0.0000E+00  0.0000E+00  0.0000E+00  0.0000E+00
    21.500    44.310  0.3600E-05  0.0000E+00  0.0000E+00  0.0000E+00  0.0000E+00
    21.250    46.120  0.3300E-05  0.0000E+00  0.0000E+00  0.0000E+00  0.0000E+00
    21.000    48.000  0.3000E-05  0.0000E+00  0.0000E+00  0.0000E+00  0.0000E+00
    20.750    50.000  0.2750E-05  0.0000E+00  0.0000E+00  0.0000E+00  0.0000E+00
    20.500    52.080  0.2500E-05  0.0000E+00  0.0000E+00  0.0000E+00  0.0000E+00
    20.250    54.240  0.2250E-05  0.0000E+00  0.0000E+00  0.0000E+00  0.0000E+00
    20.000    56.500  0.2000E-05  0.0000E+00  0.0000E+00  0.0000E+00  0.0000E+00
    19.750    58.870  0.1800E-05  0.0000E+00  0.0000E+00  0.0000E+00  0.0000E+00
    19.500    61.340  0.1600E-05  0.0000E+00  0.0000E+00  0.0000E+00  0.0000E+00
    19.250    63.920  0.1400E-05  0.0000E+00  0.0000E+00  0.0000E+00  0.0000E+00
    19.000    66.600  0.1200E-05  0.0000E+00  0.0000E+00  0.0000E+00  0.0000E+00
    18.750    69.480  0.1063E-05  0.0000E+00  0.0000E+00  0.0000E+00  0.0000E+00
    18.500    72.490  0.9250E-06  0.0000E+00  0.0000E+00  0.0000E+00  0.0000E+00
    18.250    75.630  0.7875E-06  0.0000E+00  0.0000E+00  0.0000E+00  0.0000E+00
    18.000    78.900  0.6500E-06  0.0000E+00  0.0000E+00  0.0000E+00  0.0000E+00
    17.750    82.360  0.5900E-06  0.0000E+00  0.0000E+00  0.0000E+00  0.0000E+00
    17.500    85.980  0.5300E-06  0.0000E+00  0.0000E+00  0.0000E+00  0.0000E+00
    17.250    89.760  0.4700E-06  0.0000E+00  0.0000E+00  0.0000E+00  0.0000E+00
    17.000    93.700  0.4100E-06  0.0000E+00  0.0000E+00  0.0000E+00  0.0000E+00
    16.750    97.760  0.3675E-06  0.0000E+00  0.0000E+00  0.0000E+00  0.0000E+00
    16.500   102.000  0.3250E-06  0.0000E+00  0.0000E+00  0.0000E+00  0.0000E+00
    16.250   106.400  0.2825E-06  0.0000E+00  0.0000E+00  0.0000E+00  0.0000E+00
    16.000   111.000  0.2400E-06  0.0000E+00  0.0000E+00  0.0000E+00  0.0000E+00
    15.750   115.900  0.2325E-06  0.0000E+00  0.0000E+00  0.0000E+00  0.0000E+00
    15.500   121.000  0.2250E-06  0.0000E+00  0.0000E+00  0.0000E+00  0.0000E+00
    15.250   126.400  0.2175E-06  0.0000E+00  0.0000E+00  0.0000E+00  0.0000E+00
    15.000   132.000  0.2100E-06  0.0000E+00  0.0000E+00  0.0000E+00  0.0000E+00
    14.750   137.600  0.2000E-06  0.0000E+00  0.0000E+00  0.0000E+00  0.0000E+00
    14.500   143.500  0.1900E-06  0.0000E+00  0.0000E+00  0.0000E+00  0.0000E+00
    14.250   149.600  0.1800E-06  0.0000E+00  0.0000E+00  0.0000E+00  0.0000E+00
    14.000   156.000  0.1700E-06  0.0000E+00  0.0000E+00  0.0000E+00  0.0000E+00
    13.750   162.100  0.1650E-06  0.0000E+00  0.0000E+00  0.0000E+00  0.0000E+00
    13.500   168.500  0.1600E-06  0.0000E+00  0.0000E+00  0.0000E+00  0.0000E+00
    13.250   175.100  0.1550E-06  0.0000E+00  0.0000E+00  0.0000E+00  0.0000E+00
    13.000   182.000  0.1500E-06  0.0000E+00  0.0000E+00  0.0000E+00  0.0000E+00
    12.750   189.300  0.1450E-06  0.0000E+00  0.0000E+00  0.0000E+00  0.0000E+00
    12.500   196.900  0.1400E-06  0.0000E+00  0.0000E+00  0.0000E+00  0.0000E+00
    12.250   204.800  0.1350E-06  0.0000E+00  0.0000E+00  0.0000E+00  0.0000E+00
    12.000   213.000  0.1300E-06  0.0000E+00  0.0000E+00  0.0000E+00  0.0000E+00
    11.750   221.000  0.1250E-06  0.0000E+00  0.0000E+00  0.0000E+00  0.0000E+00
    11.500   229.400  0.1200E-06  0.0000E+00  0.0000E+00  0.0000E+00  0.0000E+00
    11.250   238.000  0.1150E-06  0.0000E+00  0.0000E+00  0.0000E+00  0.0000E+00
    11.000   247.000  0.1100E-06  0.0000E+00  0.0000E+00  0.0000E+00  0.0000E+00
    10.750   256.200  0.1058E-06  0.0000E+00  0.0000E+00  0.0000E+00  0.0000E+00
    10.500   265.800  0.1015E-06  0.0000E+00  0.0000E+00  0.0000E+00  0.0000E+00
    10.250   275.700  0.9725E-07  0.0000E+00  0.0000E+00  0.0000E+00  0.0000E+00
    10.000   286.000  0.9300E-07  0.0000E+00  0.0000E+00  0.0000E+00  0.0000E+00
     9.750   296.200  0.9050E-07  0.0000E+00  0.0000E+00  0.0000E+00  0.0000E+00
     9.500   306.700  0.8800E-07  0.0000E+00  0.0000E+00  0.0000E+00  0.0000E+00
     9.250   317.700  0.8550E-07  0.0000E+00  0.0000E+00  0.0000E+00  0.0000E+00
     9.000   329.000  0.8300E-07  0.0000E+00  0.0000E+00  0.0000E+00  0.0000E+00
     8.750   339.500  0.8075E-07  0.0000E+00  0.0000E+00  0.0000E+00  0.0000E+00
     8.500   350.300  0.7850E-07  0.0000E+00  0.0000E+00  0.0000E+00  0.0000E+00
     8.250   361.500  0.7625E-07  0.0000E+00  0.0000E+00  0.0000E+00  0.0000E+00
     8.000   373.000  0.7400E-07  0.0000E+00  0.0000E+00  0.0000E+00  0.0000E+00
     7.750   386.900  0.7300E-07  0.0000E+00  0.0000E+00  0.0000E+00  0.0000E+00
     7.500   401.400  0.7200E-07  0.0000E+00  0.0000E+00  0.0000E+00  0.0000E+00
     7.250   416.400  0.7100E-07  0.0000E+00  0.0000E+00  0.0000E+00  0.0000E+00
     7.000   432.000  0.7000E-07  0.0000E+00  0.0000E+00  0.0000E+00  0.0000E+00
     6.750   446.300  0.6900E-07  0.0000E+00  0.0000E+00  0.0000E+00  0.0000E+00
     6.500   461.000  0.6800E-07  0.0000E+00  0.0000E+00  0.0000E+00  0.0000E+00
     6.250   476.200  0.6700E-07  0.0000E+00  0.0000E+00  0.0000E+00  0.0000E+00
     6.000   492.000  0.6600E-07  0.0000E+00  0.0000E+00  0.0000E+00  0.0000E+00
     5.750   507.900  0.6525E-07  0.0000E+00  0.0000E+00  0.0000E+00  0.0000E+00
     5.500   524.400  0.6450E-07  0.0000E+00  0.0000E+00  0.0000E+00  0.0000E+00
     5.250   541.400  0.6375E-07  0.0000E+00  0.0000E+00  0.0000E+00  0.0000E+00
     5.000   559.000  0.6300E-07  0.0000E+00  0.0000E+00  0.0000E+00  0.0000E+00
     4.750   576.700  0.6200E-07  0.0000E+00  0.0000E+00  0.0000E+00  0.0000E+00
     4.500   594.900  0.6100E-07  0.0000E+00  0.0000E+00  0.0000E+00  0.0000E+00
     4.250   613.700  0.6000E-07  0.0000E+00  0.0000E+00  0.0000E+00  0.0000E+00
     4.000   633.000  0.5900E-07  0.0000E+00  0.0000E+00  0.0000E+00  0.0000E+00
     3.750   652.600  0.5875E-07  0.0000E+00  0.0000E+00  0.0000E+00  0.0000E+00
     3.500   672.800  0.5850E-07  0.0000E+00  0.0000E+00  0.0000E+00  0.0000E+00
     3.250   693.600  0.5825E-07  0.0000E+00  0.0000E+00  0.0000E+00  0.0000E+00
     3.000   715.000  0.5800E-07  0.0000E+00  0.0000E+00  0.0000E+00  0.0000E+00
     2.750   736.500  0.5750E-07  0.0000E+00  0.0000E+00  0.0000E+00  0.0000E+00
     2.500   758.700  0.5700E-07  0.0000E+00  0.0000E+00  0.0000E+00  0.0000E+00
     2.250   781.500  0.5650E-07  0.0000E+00  0.0000E+00  0.0000E+00  0.0000E+00
     2.000   805.000  0.5600E-07  0.0000E+00  0.0000E+00  0.0000E+00  0.0000E+00
     1.750   828.700  0.5525E-07  0.0000E+00  0.0000E+00  0.0000E+00  0.0000E+00
     1.500   853.100  0.5450E-07  0.0000E+00  0.0000E+00  0.0000E+00  0.0000E+00
     1.250   878.200  0.5375E-07  0.0000E+00  0.0000E+00  0.0000E+00  0.0000E+00
     1.000   904.000  0.5300E-07  0.0000E+00  0.0000E+00  0.0000E+00  0.0000E+00
     0.750   930.100  0.5175E-07  0.0000E+00  0.0000E+00  0.0000E+00  0.0000E+00
     0.500   956.900  0.5050E-07  0.0000E+00  0.0000E+00  0.0000E+00  0.0000E+00
     0.250   984.600  0.4925E-07  0.0000E+00  0.0000E+00  0.0000E+00  0.0000E+00
     0.000  1013.000  0.4800E-07  0.0000E+00  0.0000E+00  0.0000E+00  0.0000E+00
