1
1
4
2
(4 0
((0,0,0) (31,31,63) (0,0,0))
((32,0,0) (63,31,63) (0,0,0))
((0,32,0) (31,63,63) (0,0,0))
((32,32,0) (63,63,63) (0,0,0))
)
4
FabOnDisk: SD_0_New_MF_D_00000 0
FabOnDisk: SD_0_New_MF_D_00001 0
FabOnDisk: SD_0_New_MF_D_00002 0
FabOnDisk: SD_0_New_MF_D_00003 0

4,4
1.0000000000000000e+00,3.0000000000000000e+02,0.0000000000000000e+00,0.0000000000000000e+00,
1.0000000000000000e+00,3.0000000000000000e+02,0.0000000000000000e+00,0.0000000000000000e+00,
1.0000000000000000e+00,3.0000000000000000e+02,0.0000000000000000e+00,0.0000000000000000e+00,
1.0000000000000000e+00,3.0000000000000000e+02,0.0000000000000000e+00,0.0000000000000000e+00,

4,4
1.0000000000000000e+00,3.0000000000000000e+02,0.0000000000000000e+00,0.0000000000000000e+00,
1.0000000000000000e+00,3.0000000000000000e+02,0.0000000000000000e+00,0.0000000000000000e+00,
1.0000000000000000e+00,3.0000000000000000e+02,0.0000000000000000e+00,0.0000000000000000e+00,
1.0000000000000000e+00,3.0000000000000000e+02,0.0000000000000000e+00,0.0000000000000000e+00,

